  N                                SOLS          TREE SIZE

  12                              14200            856188               
  13                              73712           4674889                
  14                             365596          27358552       
  15                            2279184         171129071         
  16                           14772512        1141190302              
  17                           95815104        8017021931          
  18                          666090624       59365844490
  19                         4968057848      461939618823
  20                        39029188884     3769977745908
  21                       314666222712    32147077325459

