14
0 -1
0 -1
0 -1
1 -1
1 -1
1 -1
3 -1
3 -1
3 -1
4 -1
4 -1
4 -1
5 -1
5 -1
5 -1
6 -1
6 -1
6 -1
7 -1
7 -1
7 -1
8 -1
8 -1
9 -1
9 -1
10 2
2 -1
2 -1
10 -1
10 -1
9 10
7 9
9 -1
10 7
7 -1
10 9
9 -1
7 9
10 -1
10 7
7 -1
7 -1
7 -1
9 10
9 -1
9 -1
10 -1
11 -1
8 11
9 8
8 -1
11 9
9 -1
11 8
8 -1
9 8
11 -1
11 9
8 11
8 -1
8 -1
9 -1
9 -1
9 -1
11 -1
12 -1
13 -1
13 -1
12 13
8 12
12 -1
13 8
8 -1
13 12
12 -1
8 12
13 -1
13 8
8 -1
8 -1
8 11
9 8
8 -1
11 9
9 -1
11 8
8 -1
9 8
11 -1
11 9
8 11
8 -1
9 -1
9 -1
9 10
7 9
9 -1
10 7
7 -1
10 9
9 -1
7 9
10 -1
10 7
7 -1
7 -1
7 -1
9 10
9 -1
9 -1
10 -1
11 -1
8 11
9 8
8 -1
11 9
9 -1
11 8
8 -1
9 8
11 -1
11 9
8 11
8 -1
8 -1
9 -1
9 -1
9 -1
11 -1
12 13
12 -1
13 -1
12 13
8 12
12 -1
13 8
8 -1
13 12
12 -1
8 12
13 -1
13 8
8 -1
8 -1
8 11
9 8
8 -1
11 9
9 -1
11 8
8 -1
9 8
11 -1
11 9
8 11
8 -1
9 -1
9 -1
9 10
6 9
9 -1
10 6
6 -1
10 9
9 -1
6 9
10 -1
10 6
6 -1
6 -1
6 -1
9 10
9 -1
9 -1
10 -1
11 -1
8 11
9 8
8 -1
11 9
9 -1
11 8
8 -1
9 8
11 -1
11 9
8 11
8 -1
8 -1
9 -1
9 -1
9 -1
11 -1
12 13
12 -1
13 -1
12 13
8 12
12 -1
13 8
8 -1
13 12
12 -1
8 12
13 -1
13 8
8 -1
8 -1
8 11
9 8
8 -1
11 9
9 -1
11 8
8 -1
9 8
11 -1
11 9
8 11
8 -1
9 -1
9 -1
9 10
6 9
9 -1
10 6
6 -1
10 9
9 -1
6 9
10 -1
10 6
6 -1
6 -1
6 -1
9 10
9 -1
9 -1
10 -1
11 -1
8 11
9 8
8 -1
11 9
9 -1
11 8
8 -1
9 8
11 -1
11 9
8 11
8 -1
8 -1
9 -1
9 -1
9 -1
11 -1
12 13
12 -1
13 -1
12 13
8 12
12 -1
13 8
8 -1
13 12
12 -1
8 12
13 -1
13 8
8 -1
8 -1
8 11
9 8
8 -1
11 9
9 -1
11 8
8 -1
9 8
11 -1
11 9
8 11
8 -1
9 -1
9 -1
9 10
3 9
9 -1
10 3
3 -1
10 9
9 -1
3 9
10 -1
10 3
3 -1
3 -1
3 -1
9 10
9 -1
9 -1
10 -1
11 -1
8 11
9 8
8 -1
11 9
9 -1
11 8
8 -1
9 8
11 -1
11 9
8 11
8 -1
8 -1
9 -1
9 -1
9 -1
11 -1
12 13
12 -1
13 -1
12 13
8 12
12 -1
13 8
8 -1
13 12
12 -1
8 12
13 -1
13 8
8 -1
8 -1
8 11
9 8
8 -1
11 9
9 -1
11 8
8 -1
9 8
11 -1
11 9
8 11
8 -1
9 -1
9 -1
9 10
3 9
9 -1
10 3
3 -1
10 9
9 -1
3 9
10 -1
10 3
3 -1
9 10
9 -1
9 -1
10 -1
11 -1
8 11
9 8
8 -1
11 9
9 -1
11 8
8 -1
9 8
11 -1
11 9
8 11
8 -1
8 -1
9 -1
9 -1
9 -1
11 -1
12 13
12 -1
13 -1
12 13
8 12
12 -1
13 8
8 -1
13 12
12 -1
8 12
13 -1
13 8
8 -1
8 -1
8 11
9 8
8 -1
11 9
9 -1
11 8
8 -1
9 8
11 -1
11 9
8 11
8 -1
9 -1
9 -1
9 10
2 9
9 -1
10 2
2 -1
10 9
9 -1
2 9
10 -1
10 2
2 -1
2 -1
2 -1
9 10
9 -1
9 -1
10 -1
11 -1
8 11
9 8
8 -1
11 9
9 -1
11 8
8 -1
9 8
11 -1
11 9
8 11
8 -1
8 -1
9 -1
9 -1
9 -1
11 -1
12 13
12 -1
13 -1
12 13
8 12
12 -1
13 8
8 -1
13 12
12 -1
8 12
13 -1
13 8
8 -1
8 -1
8 11
9 8
8 -1
11 9
9 -1
11 8
8 -1
9 8
11 -1
11 9
8 11
8 -1
9 -1
9 -1
9 10
2 9
9 -1
10 2
2 -1
10 9
9 -1
2 9
10 -1
10 2
2 -1
2 -1
2 -1
9 10
9 -1
9 -1
10 -1
11 -1
8 11
9 8
8 -1
11 9
9 -1
11 8
8 -1
9 8
11 -1
11 9
8 11
8 -1
8 -1
9 -1
9 -1
9 -1
11 -1
12 13
12 -1
13 -1
12 13
8 12
12 -1
13 8
8 -1
13 12
12 -1
8 12
13 -1
13 8
8 -1
8 -1
8 11
9 8
8 -1
11 9
9 -1
11 8
8 -1
9 8
11 -1
11 9
8 11
8 -1
9 -1
9 -1
11 -1
11 10
7 11
10 7
7 -1
11 -1
10 11
10 -1
11 -1
7 11
10 7
7 -1
7 -1
7 -1
11 10
10 -1
11 -1
11 -1
12 13
12 -1
13 -1
12 13
11 12
12 -1
13 11
11 -1
13 12
12 -1
11 12
13 -1
13 11
11 -1
11 -1
11 10
7 11
10 7
7 -1
11 -1
10 11
10 -1
11 -1
7 11
10 7
7 -1
7 -1
11 10
10 -1
11 -1
11 -1
12 13
12 -1
13 -1
12 13
11 12
12 -1
13 11
11 -1
13 12
12 -1
11 12
13 -1
13 11
11 -1
11 -1
11 10
6 11
10 6
6 -1
11 -1
10 11
10 -1
11 -1
6 11
10 6
6 -1
6 -1
6 -1
11 10
10 -1
11 -1
11 -1
12 13
12 -1
13 -1
12 13
11 12
12 -1
13 11
11 -1
13 12
12 -1
11 12
13 -1
13 11
11 -1
11 -1
11 10
6 11
10 6
6 -1
11 -1
10 11
10 -1
11 -1
6 11
10 6
6 -1
6 -1
6 -1
11 10
10 -1
9 10
5 9
9 -1
10 5
5 -1
10 9
9 -1
5 9
10 -1
10 5
5 -1
5 -1
5 -1
9 10
9 -1
9 -1
10 -1
11 -1
11 -1
12 13
12 -1
13 -1
12 13
11 12
12 -1
13 11
11 -1
13 12
12 -1
11 12
13 -1
13 11
11 -1
11 -1
8 11
9 8
8 -1
11 9
9 -1
11 8
8 -1
9 8
11 -1
11 9
8 11
8 -1
8 -1
9 -1
9 -1
9 -1
11 -1
12 13
12 -1
12 -1
13 -1
12 13
8 12
12 -1
13 8
8 -1
13 12
12 -1
8 12
13 -1
13 8
8 -1
8 -1
8 11
9 8
8 -1
11 9
9 -1
11 8
8 -1
9 8
11 -1
11 9
8 11
8 -1
9 -1
9 -1
9 10
5 9
9 -1
10 5
5 -1
10 9
9 -1
5 9
10 -1
10 5
5 -1
9 10
9 -1
9 -1
10 -1
11 -1
8 11
9 8
8 -1
11 9
9 -1
11 8
8 -1
9 8
11 -1
11 9
8 11
8 -1
8 -1
9 -1
9 -1
9 -1
11 -1
12 13
12 -1
13 -1
12 13
8 12
12 -1
13 8
8 -1
13 12
12 -1
8 12
13 -1
13 8
8 -1
8 -1
8 11
9 8
8 -1
11 9
9 -1
11 8
8 -1
9 8
11 -1
11 9
8 11
8 -1
9 -1
9 -1
9 10
4 9
9 -1
10 4
4 -1
10 9
9 -1
4 9
10 -1
10 4
4 -1
4 -1
4 -1
9 10
9 -1
9 -1
10 -1
11 -1
8 11
9 8
8 -1
11 9
9 -1
11 8
8 -1
9 8
11 -1
11 9
8 11
8 -1
8 -1
9 -1
9 -1
9 -1
11 -1
12 13
12 -1
13 -1
12 13
8 12
12 -1
13 8
8 -1
13 12
12 -1
8 12
13 -1
13 8
8 -1
8 -1
8 11
9 8
8 -1
11 9
9 -1
11 8
8 -1
9 8
11 -1
11 9
8 11
8 -1
9 -1
9 -1
9 10
4 9
9 -1
10 4
4 -1
10 9
9 -1
4 9
10 -1
10 4
4 -1
4 -1
4 -1
9 10
9 -1
9 -1
10 -1
11 -1
8 11
9 8
8 -1
11 9
9 -1
11 8
8 -1
9 8
11 -1
11 9
8 11
8 -1
8 -1
9 -1
9 -1
9 -1
11 -1
12 13
12 -1
13 -1
12 13
8 12
12 -1
13 8
8 -1
13 12
12 -1
8 12
13 -1
13 8
8 -1
8 -1
8 11
9 8
8 -1
11 9
9 -1
11 8
8 -1
9 8
11 -1
11 9
8 11
8 -1
9 -1
9 -1
9 -1
11 -1
12 13
12 -1
11 12
13 -1
13 10
4 13
10 4
4 -1
13 -1
10 13
10 -1
13 -1
4 13
10 4
4 -1
4 -1
4 -1
13 10
10 -1
13 -1
13 -1
13 11
11 -1
12 13
12 11
11 -1
12 -1
13 -1
13 11
12 13
11 12
11 -1
12 -1
11 12
13 -1
13 -1
13 10
4 13
10 4
4 -1
13 -1
10 13
10 -1
13 -1
4 13
10 4
4 -1
13 10
10 -1
13 -1
13 -1
13 11
11 -1
12 13
12 11
11 -1
12 -1
13 -1
13 11
12 13
11 12
11 -1
12 -1
11 12
13 -1
13 -1
13 10
2 13
10 2
2 -1
13 -1
10 13
10 -1
13 -1
2 13
10 2
2 -1
2 -1
2 -1
13 10
10 -1
13 -1
13 -1
13 11
11 -1
12 13
12 11
11 -1
12 -1
13 -1
13 11
12 13
11 12
11 -1
12 -1
11 12
13 -1
13 -1
13 10
2 13
10 2
2 -1
13 -1
10 13
10 -1
13 -1
2 13
10 2
2 -1
2 -1
2 -1
13 10
10 -1
8 10
9 8
8 -1
10 9
9 -1
10 8
8 -1
9 8
10 -1
10 9
8 10
8 -1
8 -1
9 -1
9 -1
9 -1
10 -1
13 -1
13 -1
13 11
11 -1
12 13
12 11
11 -1
12 -1
13 -1
13 11
12 13
11 12
11 -1
11 -1
7 11
8 7
7 -1
11 8
8 -1
11 7
7 -1
8 7
11 -1
11 8
7 11
7 -1
7 -1
8 -1
8 -1
8 -1
11 -1
12 -1
13 -1
13 -1
12 13
7 12
12 -1
13 7
7 -1
13 12
12 -1
7 12
13 -1
13 7
7 -1
7 -1
7 11
8 7
7 -1
11 8
8 -1
11 7
7 -1
8 7
11 -1
11 8
7 11
7 -1
8 -1
8 -1
8 10
9 8
8 -1
10 9
9 -1
10 8
8 -1
9 8
10 -1
10 9
8 10
8 -1
8 -1
9 -1
9 -1
10 -1
9 10
11 -1
7 11
8 7
7 -1
11 8
8 -1
11 7
7 -1
8 7
11 -1
11 8
7 11
7 -1
7 -1
8 -1
8 -1
8 -1
11 -1
12 13
12 -1
13 -1
12 13
7 12
12 -1
13 7
7 -1
13 12
12 -1
7 12
13 -1
13 7
7 -1
7 -1
7 11
8 7
7 -1
11 8
8 -1
11 7
7 -1
8 7
11 -1
11 8
7 11
7 -1
8 -1
8 -1
8 -1
8 9
9 -1
10 8
8 -1
10 9
9 -1
8 9
10 -1
10 8
8 -1
8 -1
8 -1
9 10
9 -1
9 -1
10 -1
11 -1
7 11
9 7
7 -1
11 9
9 -1
11 7
7 -1
9 7
11 -1
11 9
7 11
7 -1
7 -1
9 -1
9 -1
9 -1
11 -1
12 13
12 -1
13 -1
12 13
7 12
12 -1
13 7
7 -1
13 12
12 -1
7 12
13 -1
13 7
7 -1
7 -1
7 11
9 7
7 -1
11 9
9 -1
11 7
7 -1
9 7
11 -1
11 9
7 11
7 -1
9 -1
9 -1
9 10
8 9
9 -1
10 8
8 -1
10 9
9 -1
8 9
10 -1
10 8
8 -1
8 -1
8 -1
9 10
9 -1
9 -1
10 -1
11 -1
7 11
9 7
7 -1
11 9
9 -1
11 7
7 -1
9 7
11 -1
11 9
7 11
7 -1
7 -1
9 -1
9 -1
9 -1
11 -1
12 13
12 -1
13 -1
12 13
7 12
12 -1
13 7
7 -1
13 12
12 -1
7 12
13 -1
13 7
7 -1
7 -1
7 11
9 7
7 -1
11 9
9 -1
11 7
7 -1
9 7
11 -1
11 9
7 11
9 -1
9 -1
11 -1
12 13
12 -1
11 12
13 -1
13 10
8 13
10 8
8 -1
13 -1
10 13
10 -1
13 -1
8 13
10 8
8 -1
8 -1
8 -1
13 10
10 -1
13 -1
13 -1
13 11
11 -1
12 13
12 11
11 -1
12 -1
13 -1
13 11
12 13
11 12
11 -1
12 -1
11 12
13 -1
13 -1
13 10
8 13
10 8
8 -1
13 -1
10 13
10 -1
13 -1
8 13
10 8
8 -1
8 -1
13 10
10 -1
13 -1
13 -1
13 11
11 -1
12 13
12 11
11 -1
12 -1
13 -1
13 11
12 13
11 12
11 -1
12 -1
11 12
13 -1
13 -1
13 10
6 13
10 6
6 -1
13 -1
10 13
10 -1
13 -1
6 13
10 6
6 -1
6 -1
6 -1
13 10
10 -1
13 -1
13 -1
13 11
11 -1
12 13
12 11
11 -1
12 -1
13 -1
13 11
12 13
11 12
11 -1
12 -1
11 12
13 -1
13 -1
13 10
6 13
10 6
6 -1
13 -1
10 13
10 -1
13 -1
6 13
10 6
6 -1
6 -1
6 -1
13 10
10 -1
10 -1
9 10
0 9
9 -1
10 0
0 -1
10 9
9 -1
0 9
10 -1
10 0
0 -1
0 -1
0 -1
9 10
9 -1
9 -1
10 -1
13 -1
13 -1
13 11
11 -1
12 13
12 11
11 -1
12 -1
13 -1
13 11
12 13
11 12
11 -1
8 11
9 8
8 -1
11 9
9 -1
11 8
8 -1
9 8
11 -1
11 9
8 11
8 -1
8 -1
9 -1
9 -1
9 -1
11 -1
12 -1
13 -1
13 -1
12 13
8 12
12 -1
13 8
8 -1
13 12
12 -1
8 12
13 -1
13 8
8 -1
8 -1
8 11
9 8
8 -1
11 9
9 -1
11 8
8 -1
9 8
11 -1
11 9
8 11
8 -1
9 -1
9 -1
9 10
0 9
9 -1
10 0
0 -1
10 9
9 -1
0 9
10 -1
10 0
0 -1
0 -1
0 -1
9 10
9 -1
9 -1
10 -1
11 -1
8 11
9 8
8 -1
11 9
9 -1
11 8
8 -1
9 8
11 -1
11 9
8 11
8 -1
8 -1
9 -1
9 -1
9 -1
11 -1
12 13
12 -1
13 -1
12 13
8 12
12 -1
13 8
8 -1
13 12
12 -1
8 12
13 -1
13 8
8 -1
8 -1
8 11
9 8
8 -1
11 9
9 -1
11 8
8 -1
9 8
11 -1
11 9
8 11
8 -1
9 -1
9 -1
9 10
1 9
9 -1
10 1
1 -1
10 9
9 -1
1 9
10 -1
10 1
1 -1
1 -1
1 -1
9 10
9 -1
9 -1
10 -1
11 -1
8 11
9 8
8 -1
11 9
9 -1
11 8
8 -1
9 8
11 -1
11 9
8 11
8 -1
8 -1
9 -1
9 -1
9 -1
11 -1
12 13
12 -1
13 -1
12 13
8 12
12 -1
13 8
8 -1
13 12
12 -1
8 12
13 -1
13 8
8 -1
8 -1
8 11
9 8
8 -1
11 9
9 -1
11 8
8 -1
9 8
11 -1
11 9
8 11
8 -1
9 -1
9 -1
9 10
1 9
9 -1
10 1
1 -1
10 9
9 -1
1 9
10 -1
10 1
1 -1
9 10
9 -1
9 -1
10 -1
11 -1
8 11
9 8
8 -1
11 9
9 -1
11 8
8 -1
9 8
11 -1
11 9
8 11
8 -1
8 -1
9 -1
9 -1
9 -1
11 -1
12 13
12 -1
13 -1
12 13
8 12
12 -1
13 8
8 -1
13 12
12 -1
8 12
13 -1
13 8
8 -1
8 -1
8 11
9 8
8 -1
11 9
9 -1
11 8
8 -1
9 8
11 -1
11 9
8 11
9 -1
11 -1
12 13
12 -1
11 12
13 -1
13 10
0 13
10 0
0 -1
13 -1
10 13
10 -1
13 -1
0 13
10 0
0 -1
0 -1
0 -1
13 10
10 -1
13 -1
13 -1
13 11
11 -1
12 13
12 11
11 -1
12 -1
13 -1
13 11
12 13
11 12
11 -1
12 -1
11 12
13 -1
13 -1
13 10
0 13
10 0
0 -1
13 -1
10 13
10 -1
13 -1
0 13
10 0
0 -1
13 10
10 -1
10 -1
13 -1
13 -1
13 11
11 -1
12 13
12 11
11 -1
12 -1
13 -1
13 11
12 13
11 12
11 -1
10 11
6 10
10 -1
11 6
6 -1
11 10
10 -1
6 10
11 -1
11 6
6 -1
10 11
10 -1
11 -1
10 11
2 10
10 -1
11 2
2 -1
11 10
10 -1
2 10
11 -1
11 2
2 -1
10 11
13 -1