15
0 -1
0 -1
1 -1
1 -1
2 -1
2 -1
3 -1
3 -1
4 -1
4 -1
5 -1
5 -1
6 -1
6 -1
7 -1
8 -1
9 -1
10 -1
11 -1
10 11
6 10
10 -1
11 6
6 -1
11 10
10 -1
6 10
11 -1
11 6
6 -1
6 -1
6 -1
10 11
10 -1
10 -1
11 -1
12 -1
9 12
10 9
9 -1
12 10
10 -1
12 9
9 -1
10 9
12 -1
12 10
9 12
9 -1
9 -1
10 -1
10 -1
10 -1
12 -1
13 -1
14 -1
14 -1
13 14
9 13
13 -1
14 9
9 -1
14 13
13 -1
9 13
14 -1
14 9
9 -1
9 -1
9 12
10 9
9 -1
12 10
10 -1
12 9
9 -1
10 9
12 -1
12 10
9 12
9 -1
10 -1
10 -1
10 11
6 10
10 -1
11 6
6 -1
11 10
10 -1
6 10
11 -1
11 6
6 -1
6 -1
6 -1
10 11
10 -1
10 -1
11 -1
12 -1
9 12
10 9
9 -1
12 10
10 -1
12 9
9 -1
10 9
12 -1
12 10
9 12
9 -1
9 -1
10 -1
10 -1
10 -1
12 -1
13 14
13 -1
14 -1
13 14
9 13
13 -1
14 9
9 -1
14 13
13 -1
9 13
14 -1
14 9
9 -1
9 -1
9 12
10 9
9 -1
12 10
10 -1
12 9
9 -1
10 9
12 -1
12 10
9 12
9 -1
10 -1
10 -1
10 11
4 10
10 -1
11 4
4 -1
11 10
10 -1
4 10
11 -1
11 4
4 -1
4 -1
4 -1
10 11
10 -1
10 -1
11 -1
12 -1
9 12
10 9
9 -1
12 10
10 -1
12 9
9 -1
10 9
12 -1
12 10
9 12
9 -1
9 -1
10 -1
10 -1
10 -1
12 -1
13 14
13 -1
14 -1
13 14
9 13
13 -1
14 9
9 -1
14 13
13 -1
9 13
14 -1
14 9
9 -1
9 -1
9 12
10 9
9 -1
12 10
10 -1
12 9
9 -1
10 9
12 -1
12 10
9 12
9 -1
10 -1
10 -1
10 11
4 10
10 -1
11 4
4 -1
11 10
10 -1
4 10
11 -1
11 4
4 -1
4 -1
4 -1
10 11
10 -1
10 -1
11 -1
12 -1
9 12
10 9
9 -1
12 10
10 -1
12 9
9 -1
10 9
12 -1
12 10
9 12
9 -1
9 -1
10 -1
10 -1
10 -1
12 -1
13 14
13 -1
14 -1
13 14
9 13
13 -1
14 9
9 -1
14 13
13 -1
9 13
14 -1
14 9
9 -1
9 -1
9 12
10 9
9 -1
12 10
10 -1
12 9
9 -1
10 9
12 -1
12 10
9 12
9 -1
10 -1
10 -1
10 11
2 10
10 -1
11 2
2 -1
11 10
10 -1
2 10
11 -1
11 2
2 -1
2 -1
2 -1
10 11
10 -1
10 -1
11 -1
12 -1
9 12
10 9
9 -1
12 10
10 -1
12 9
9 -1
10 9
12 -1
12 10
9 12
9 -1
9 -1
10 -1
10 -1
10 -1
12 -1
13 14
13 -1
14 -1
13 14
9 13
13 -1
14 9
9 -1
14 13
13 -1
9 13
14 -1
14 9
9 -1
9 -1
9 12
10 9
9 -1
12 10
10 -1
12 9
9 -1
10 9
12 -1
12 10
9 12
9 -1
10 -1
10 -1
10 11
2 10
10 -1
11 2
2 -1
11 10
10 -1
2 10
11 -1
11 2
2 -1
2 -1
2 -1
10 11
10 -1
10 -1
11 -1
12 -1
9 12
10 9
9 -1
12 10
10 -1
12 9
9 -1
10 9
12 -1
12 10
9 12
9 -1
9 -1
10 -1
10 -1
10 -1
12 -1
13 14
13 -1
14 -1
13 14
9 13
13 -1
14 9
9 -1
14 13
13 -1
9 13
14 -1
14 9
9 -1
9 -1
9 12
10 9
9 -1
12 10
10 -1
12 9
9 -1
10 9
12 -1
12 10
9 12
9 -1
10 -1
10 -1
10 11
1 10
10 -1
11 1
1 -1
11 10
10 -1
1 10
11 -1
11 1
1 -1
1 -1
1 -1
10 11
10 -1
10 -1
11 -1
12 -1
9 12
10 9
9 -1
12 10
10 -1
12 9
9 -1
10 9
12 -1
12 10
9 12
9 -1
9 -1
10 -1
10 -1
10 -1
12 -1
13 14
13 -1
14 -1
13 14
9 13
13 -1
14 9
9 -1
14 13
13 -1
9 13
14 -1
14 9
9 -1
9 -1
9 12
10 9
9 -1
12 10
10 -1
12 9
9 -1
10 9
12 -1
12 10
9 12
9 -1
10 -1
10 -1
10 11
1 10
10 -1
11 1
1 -1
11 10
10 -1
1 10
11 -1
11 1
1 -1
1 -1
1 -1
10 11
10 -1
10 -1
11 -1
12 -1
9 12
10 9
9 -1
12 10
10 -1
12 9
9 -1
10 9
12 -1
12 10
9 12
9 -1
9 -1
10 -1
10 -1
10 -1
12 -1
13 14
13 -1
14 -1
13 14
9 13
13 -1
14 9
9 -1
14 13
13 -1
9 13
14 -1
14 9
9 -1
9 -1
9 12
10 9
9 -1
12 10
10 -1
12 9
9 -1
10 9
12 -1
12 10
9 12
9 -1
10 -1
10 -1
10 11
0 10
10 -1
11 0
0 -1
11 10
10 -1
0 10
11 -1
11 0
0 -1
0 -1
0 -1
10 11
10 -1
10 -1
11 -1
12 -1
9 12
10 9
9 -1
12 10
10 -1
12 9
9 -1
10 9
12 -1
12 10
9 12
9 -1
9 -1
10 -1
10 -1
10 -1
12 -1
13 14
13 -1
14 -1
13 14
9 13
13 -1
14 9
9 -1
14 13
13 -1
9 13
14 -1
14 9
9 -1
9 -1
9 12
10 9
9 -1
12 10
10 -1
12 9
9 -1
10 9
12 -1
12 10
9 12
9 -1
10 -1
10 -1
10 11
0 10
10 -1
11 0
0 -1
11 10
10 -1
0 10
11 -1
11 0
0 -1
0 -1
0 -1
10 11
10 -1
10 -1
11 -1
12 -1
9 12
10 9
9 -1
12 10
10 -1
12 9
9 -1
10 9
12 -1
12 10
9 12
9 -1
9 -1
10 -1
10 -1
10 -1
12 -1
13 14
13 -1
14 -1
13 14
9 13
13 -1
14 9
9 -1
14 13
13 -1
9 13
14 -1
14 9
9 -1
9 -1
9 12
10 9
9 -1
12 10
10 -1
12 9
9 -1
10 9
12 -1
12 10
9 12
9 -1
10 -1
10 -1
12 -1
11 12
5 11
11 -1
12 5
5 -1
12 11
11 -1
5 11
12 -1
12 5
5 -1
5 -1
5 -1
11 12
11 -1
11 -1
12 -1
13 14
13 -1
13 -1
14 -1
13 14
11 13
13 -1
14 11
11 -1
14 13
13 -1
11 13
14 -1
14 11
11 -1
11 -1
11 12
5 11
11 -1
12 5
5 -1
12 11
11 -1
5 11
12 -1
12 5
5 -1
5 -1
5 -1
11 12
11 -1
11 -1
12 -1
13 14
13 -1
14 -1
13 14
11 13
13 -1
14 11
11 -1
14 13
13 -1
11 13
14 -1
14 11
11 -1
11 -1
11 12
2 11
11 -1
12 2
2 -1
12 11
11 -1
2 11
12 -1
12 2
2 -1
2 -1
2 -1
11 12
11 -1
11 -1
12 -1
13 14
13 -1
14 -1
13 14
11 13
13 -1
14 11
11 -1
14 13
13 -1
11 13
14 -1
14 11
11 -1
11 -1
11 12
2 11
11 -1
12 2
2 -1
12 11
11 -1
2 11
12 -1
12 2
2 -1
2 -1
2 -1
11 12
11 -1
11 -1
12 -1
13 14
13 -1
14 -1
13 14
11 13
13 -1
14 11
11 -1
14 13
13 -1
11 13
14 -1
14 11
11 -1
11 -1
11 12
1 11
11 -1
12 1
1 -1
12 11
11 -1
1 11
12 -1
12 1
1 -1
1 -1
1 -1
11 12
11 -1
11 -1
12 -1
13 14
13 -1
14 -1
13 14
11 13
13 -1
14 11
11 -1
14 13
13 -1
11 13
14 -1
14 11
11 -1
11 -1
11 12
1 11
11 -1
12 1
1 -1
12 11
11 -1
1 11
12 -1
12 1
1 -1
1 -1
1 -1
11 12
11 -1
11 -1
12 -1
9 12
13 14
13 -1
14 -1
13 14
11 13
13 -1
14 11
11 -1
14 13
13 -1
11 13
14 -1
14 11
11 -1
11 -1
11 -1
10 11
6 10
10 -1
11 6
6 -1
11 10
10 -1
6 10
11 -1
11 6
6 -1
6 -1
6 -1
10 11
10 -1
10 -1
10 9
9 -1
11 -1
12 10
10 -1
12 9
9 -1
10 9
12 -1
12 10
9 12
9 -1
9 -1
10 -1
10 -1
10 -1
12 -1
13 14
13 -1
14 -1
14 -1
13 14
9 13
13 -1
14 9
9 -1
14 13
13 -1
9 13
14 -1
14 9
9 -1
9 -1
9 12
10 9
9 -1
12 10
10 -1
12 9
9 -1
10 9
12 -1
12 10
9 12
9 -1
10 -1
10 -1
10 11
6 10
10 -1
11 6
6 -1
11 10
10 -1
6 10
11 -1
11 6
6 -1
6 -1
10 11
10 -1
10 -1
11 -1
12 -1
9 12
10 9
9 -1
12 10
10 -1
12 9
9 -1
10 9
12 -1
12 10
9 12
9 -1
9 -1
10 -1
10 -1
10 -1
12 -1
13 14
13 -1
14 -1
13 14
9 13
13 -1
14 9
9 -1
14 13
13 -1
9 13
14 -1
14 9
9 -1
9 -1
9 12
10 9
9 -1
12 10
10 -1
12 9
9 -1
10 9
12 -1
12 10
9 12
9 -1
10 -1
10 -1
10 11
3 10
10 -1
11 3
3 -1
11 10
10 -1
3 10
11 -1
11 3
3 -1
3 -1
3 -1
10 11
10 -1
10 -1
11 -1
12 -1
9 12
10 9
9 -1
12 10
10 -1
12 9
9 -1
10 9
12 -1
12 10
9 12
9 -1
9 -1
10 -1
10 -1
10 -1
12 -1
13 14
13 -1
14 -1
13 14
9 13
13 -1
14 9
9 -1
14 13
13 -1
9 13
14 -1
14 9
9 -1
9 -1
9 12
10 9
9 -1
12 10
10 -1
12 9
9 -1
10 9
12 -1
12 10
9 12
9 -1
10 -1
10 -1
10 11
3 10
10 -1
11 3
3 -1
11 10
10 -1
3 10
11 -1
11 3
3 -1
3 -1
3 -1
10 11
10 -1
10 -1
11 -1
12 -1
9 12
10 9
9 -1
12 10
10 -1
12 9
9 -1
10 9
12 -1
12 10
9 12
9 -1
9 -1
10 -1
10 -1
10 -1
12 -1
13 14
13 -1
14 -1
13 14
9 13
13 -1
14 9
9 -1
14 13
13 -1
9 13
14 -1
14 9
9 -1
9 -1
9 12
10 9
9 -1
12 10
10 -1
12 9
9 -1
10 9
12 -1
12 10
9 12
9 -1
10 -1
10 -1
10 11
2 10
10 -1
11 2
2 -1
11 10
10 -1
2 10
11 -1
11 2
2 -1
2 -1
2 -1
10 11
10 -1
10 -1
11 -1
12 -1
9 12
10 9
9 -1
12 10
10 -1
12 9
9 -1
10 9
12 -1
12 10
9 12
9 -1
9 -1
10 -1
10 -1
10 -1
12 -1
13 14
13 -1
14 -1
13 14
9 13
13 -1
14 9
9 -1
14 13
13 -1
9 13
14 -1
14 9
9 -1
9 -1
9 12
10 9
9 -1
12 10
10 -1
12 9
9 -1
10 9
12 -1
12 10
9 12
9 -1
10 -1
10 -1
10 11
2 10
10 -1
11 2
2 -1
11 10
10 -1
2 10
11 -1
11 2
2 -1
2 -1
2 -1
10 11
10 -1
10 -1
11 -1
12 -1
9 12
10 9
9 -1
12 10
10 -1
12 9
9 -1
10 9
12 -1
12 10
9 12
9 -1
9 -1
10 -1
10 -1
10 -1
12 -1
13 14
13 -1
14 -1
13 14
9 13
13 -1
14 9
9 -1
14 13
13 -1
9 13
14 -1
14 9
9 -1
9 -1
9 12
10 9
9 -1
12 10
10 -1
12 9
9 -1
10 9
12 -1
12 10
9 12
9 -1
10 -1
10 -1
10 11
1 10
10 -1
11 1
1 -1
11 10
10 -1
1 10
11 -1
11 1
1 -1
1 -1
1 -1
10 11
10 -1
10 -1
11 -1
12 -1
9 12
10 9
9 -1
12 10
10 -1
12 9
9 -1
10 9
12 -1
12 10
9 12
9 -1
9 -1
10 -1
10 -1
10 -1
12 -1
13 14
13 -1
14 -1
13 14
9 13
13 -1
14 9
9 -1
14 13
13 -1
9 13
14 -1
14 9
9 -1
9 -1
9 12
10 9
9 -1
12 10
10 -1
12 9
9 -1
10 9
12 -1
12 10
9 12
9 -1
10 -1
10 -1
10 11
1 10
10 -1
11 1
1 -1
11 10
10 -1
1 10
11 -1
11 1
1 -1
1 -1
1 -1
10 11
10 -1
10 -1
11 -1
12 -1
9 12
10 9
9 -1
12 10
10 -1
12 9
9 -1
10 9
12 -1
12 10
9 12
9 -1
9 -1
10 -1
10 -1
10 -1
12 -1
13 14
13 -1
14 -1
13 14
9 13
13 -1
14 9
9 -1
14 13
13 -1
9 13
14 -1
14 9
9 -1
9 -1
9 12
10 9
9 -1
12 10
10 -1
12 9
9 -1
10 9
12 -1
12 10
9 12
9 -1
10 -1
10 -1
10 11
0 10
10 -1
11 0
0 -1
11 10
10 -1
0 10
11 -1
11 0
0 -1
0 -1
0 -1
10 11
10 -1
10 -1
11 -1
12 -1
9 12
10 9
9 -1
12 10
10 -1
12 9
9 -1
10 9
12 -1
12 10
9 12
9 -1
9 -1
10 -1
10 -1
10 -1
12 -1
13 14
13 -1
14 -1
13 14
9 13
13 -1
14 9
9 -1
14 13
13 -1
9 13
14 -1
14 9
9 -1
9 -1
9 12
10 9
9 -1
12 10
10 -1
12 9
9 -1
10 9
12 -1
12 10
9 12
9 -1
10 -1
10 -1
10 11
0 10
10 -1
11 0
0 -1
11 10
10 -1
0 10
11 -1
11 0
0 -1
0 -1
0 -1
10 11
10 -1
10 -1
11 -1
8 11
12 -1
9 12
10 9
9 -1
12 10
10 -1
12 9
9 -1
10 9
12 -1
12 10
9 12
9 -1
9 -1
10 -1
10 -1
10 -1
12 -1
13 14
13 -1
14 -1
13 14
9 13
13 -1
14 9
9 -1
14 13
13 -1
9 13
14 -1
14 9
9 -1
9 -1
9 12
10 9
9 -1
12 10
10 -1
12 9
9 -1
10 9
12 -1
12 10
9 12
9 -1
10 -1
10 -1
10 9
5 10
9 5
5 -1
10 -1
9 10
9 -1
10 -1
5 10
9 5
5 -1
5 -1
5 -1
10 9
9 -1
10 -1
10 -1
10 8
8 -1
11 10
10 -1
11 8
8 -1
10 8
11 -1
11 10
8 11
8 -1
8 -1
10 -1
10 -1
10 -1
11 -1
12 -1
7 12
8 7
7 -1
12 8
8 -1
12 7
7 -1
8 7
12 -1
12 8
7 12
7 -1
7 -1
8 -1
8 -1
8 -1
12 -1
13 14
13 -1
14 -1
14 -1
13 14
7 13
13 -1
14 7
7 -1
14 13
13 -1
7 13
14 -1
14 7
7 -1
7 -1
7 12
8 7
7 -1
12 8
8 -1
12 7
7 -1
8 7
12 -1
12 8
7 12
7 -1
8 -1
8 -1
8 11
10 8
8 -1
11 10
10 -1
11 8
8 -1
10 8
11 -1
11 10
8 11
8 -1
10 -1
10 -1
10 9
5 10
9 5
5 -1
10 -1
9 10
9 -1
10 -1
5 10
9 5
5 -1
5 -1
5 -1
10 9
9 -1
10 -1
10 -1
11 -1
8 11
10 8
8 -1
11 10
10 -1
11 8
8 -1
10 8
11 -1
11 10
8 11
8 -1
8 -1
10 -1
10 -1
10 -1
11 -1
12 -1
7 12
8 7
7 -1
12 8
8 -1
12 7
7 -1
8 7
12 -1
12 8
7 12
7 -1
7 -1
8 -1
8 -1
8 -1
12 -1
13 14
13 -1
14 -1
13 14
7 13
13 -1
14 7
7 -1
14 13
13 -1
7 13
14 -1
14 7
7 -1
7 -1
7 12
8 7
7 -1
12 8
8 -1
12 7
7 -1
8 7
12 -1
12 8
7 12
7 -1
8 -1
8 -1
8 11
10 8
8 -1
11 10
10 -1
11 8
8 -1
10 8
11 -1
11 10
8 11
8 -1
10 -1
10 -1
10 9
4 10
9 4
4 -1
10 -1
9 10
9 -1
10 -1
4 10
9 4
4 -1
4 -1
4 -1
10 9
9 -1
10 -1
10 -1
11 -1
8 11
10 8
8 -1
11 10
10 -1
11 8
8 -1
10 8
11 -1
11 10
8 11
8 -1
8 -1
10 -1
10 -1
10 -1
11 -1
12 -1
7 12
8 7
7 -1
12 8
8 -1
12 7
7 -1
8 7
12 -1
12 8
7 12
7 -1
7 -1
8 -1
8 -1
8 -1
12 -1
13 14
13 -1
14 -1
13 14
7 13
13 -1
14 7
7 -1
14 13
13 -1
7 13
14 -1
14 7
7 -1
7 -1
7 12
8 7
7 -1
12 8
8 -1
12 7
7 -1
8 7
12 -1
12 8
7 12
7 -1
8 -1
8 -1
8 11
10 8
8 -1
11 10
10 -1
11 8
8 -1
10 8
11 -1
11 10
8 11
8 -1
10 -1
10 -1
10 9
4 10
9 4
4 -1
10 -1
9 10
9 -1
10 -1
4 10
9 4
4 -1
4 -1
4 -1
10 9
9 -1
10 -1
10 -1
11 -1
8 11
10 8
8 -1
11 10
10 -1
11 8
8 -1
10 8
11 -1
11 10
8 11
8 -1
8 -1
10 -1
10 -1
10 -1
11 -1
12 -1
7 12
8 7
7 -1
12 8
8 -1
12 7
7 -1
8 7
12 -1
12 8
7 12
7 -1
7 -1
8 -1
8 -1
8 -1
12 -1
13 14
13 -1
14 -1
13 14
7 13
13 -1
14 7
7 -1
14 13
13 -1
7 13
14 -1
14 7
7 -1
7 -1
7 12
8 7
7 -1
12 8
8 -1
12 7
7 -1
8 7
12 -1
12 8
7 12
7 -1
8 -1
8 -1
8 11
10 8
8 -1
11 10
10 -1
11 8
8 -1
10 8
11 -1
11 10
8 11
8 -1
10 -1
10 -1
10 9
3 10
9 3
3 -1
10 -1
9 10
9 -1
10 -1
3 10
9 3
3 -1
3 -1
3 -1
10 9
9 -1
10 -1
10 -1
11 -1
8 11
10 8
8 -1
11 10
10 -1
11 8
8 -1
10 8
11 -1
11 10
8 11
8 -1
8 -1
10 -1
10 -1
10 -1
11 -1
12 -1
7 12
8 7
7 -1
12 8
8 -1
12 7
7 -1
8 7
12 -1
12 8
7 12
7 -1
7 -1
8 -1
8 -1
8 -1
12 -1
13 14
13 -1
14 -1
13 14
7 13
13 -1
14 7
7 -1
14 13
13 -1
7 13
14 -1
14 7
7 -1
7 -1
7 12
8 7
7 -1
12 8
8 -1
12 7
7 -1
8 7
12 -1
12 8
7 12
7 -1
8 -1
8 -1
8 11
10 8
8 -1
11 10
10 -1
11 8
8 -1
10 8
11 -1
11 10
8 11
8 -1
10 -1
10 -1
10 9
3 10
9 3
3 -1
10 -1
9 10
9 -1
10 -1
3 10
9 3
3 -1
3 -1
3 -1
10 9
9 -1
10 -1
10 -1
11 -1
8 11
10 8
8 -1
11 10
10 -1
11 8
8 -1
10 8
11 -1
11 10
8 11
8 -1
8 -1
10 -1
10 -1
10 -1
11 -1
12 -1
7 12
8 7
7 -1
12 8
8 -1
12 7
7 -1
8 7
12 -1
12 8
7 12
7 -1
7 -1
8 -1
8 -1
8 -1
12 -1
13 14
13 -1
14 -1
13 14
7 13
13 -1
14 7
7 -1
14 13
13 -1
7 13
14 -1
14 7
7 -1
7 -1
7 12
8 7
7 -1
12 8
8 -1
12 7
7 -1
8 7
12 -1
12 8
7 12
7 -1
8 -1
8 -1
8 11
10 8
8 -1
11 10
10 -1
11 8
8 -1
10 8
11 -1
11 10
8 11
8 -1
10 -1
10 -1
10 9
1 10
9 1
1 -1
10 -1
9 10
9 -1
10 -1
1 10
9 1
1 -1
1 -1
1 -1
10 9
9 -1
10 -1
10 -1
11 -1
8 11
10 8
8 -1
11 10
10 -1
11 8
8 -1
10 8
11 -1
11 10
8 11
8 -1
8 -1
10 -1
10 -1
10 -1
11 -1
12 -1
7 12
8 7
7 -1
12 8
8 -1
12 7
7 -1
8 7
12 -1
12 8
7 12
7 -1
7 -1
8 -1
8 -1
8 -1
12 -1
13 14
13 -1
14 -1
13 14
7 13
13 -1
14 7
7 -1
14 13
13 -1
7 13
14 -1
14 7
7 -1
7 -1
7 12
8 7
7 -1
12 8
8 -1
12 7
7 -1
8 7
12 -1
12 8
7 12
7 -1
8 -1
8 -1
8 11
10 8
8 -1
11 10
10 -1
11 8
8 -1
10 8
11 -1
11 10
8 11
8 -1
10 -1
10 -1
10 9
1 10
9 1
1 -1
10 -1
9 10
9 -1
10 -1
1 10
9 1
1 -1
1 -1
1 -1
10 9
9 -1
10 -1
10 -1
11 -1
8 11
10 8
8 -1
11 10
10 -1
11 8
8 -1
10 8
11 -1
11 10
8 11
8 -1
8 -1
10 -1
10 -1
10 -1
11 -1
12 -1
7 12
8 7
7 -1
12 8
8 -1
12 7
7 -1
8 7
12 -1
12 8
7 12
7 -1
7 -1
8 -1
8 -1
8 -1
12 -1
13 14
13 -1
14 -1
13 14
7 13
13 -1
14 7
7 -1
14 13
13 -1
7 13
14 -1
14 7
7 -1
7 -1
7 12
8 7
7 -1
12 8
8 -1
12 7
7 -1
8 7
12 -1
12 8
7 12
7 -1
8 -1
8 -1
8 11
10 8
8 -1
11 10
10 -1
11 8
8 -1
10 8
11 -1
11 10
8 11
8 -1
10 -1
10 -1
10 9
0 10
9 0
0 -1
10 -1
9 10
9 -1
10 -1
0 10
9 0
0 -1
0 -1
0 -1
10 9
9 -1
10 -1
10 -1
11 -1
8 11
10 8
8 -1
11 10
10 -1
11 8
8 -1
10 8
11 -1
11 10
8 11
8 -1
8 -1
10 -1
10 -1
10 -1
11 -1
12 -1
7 12
8 7
7 -1
12 8
8 -1
12 7
7 -1
8 7
12 -1
12 8
7 12
7 -1
7 -1
8 -1
8 -1
8 -1
12 -1
13 14
13 -1
14 -1
13 14
7 13
13 -1
14 7
7 -1
14 13
13 -1
7 13
14 -1
14 7
7 -1
7 -1
7 12
8 7
7 -1
12 8
8 -1
12 7
7 -1
8 7
12 -1
12 8
7 12
7 -1
8 -1
8 -1
8 11
10 8
8 -1
11 10
10 -1
11 8
8 -1
10 8
11 -1
11 10
8 11
8 -1
10 -1
10 -1
10 9
0 10
9 0
0 -1
10 -1
9 10
9 -1
10 -1
0 10
9 0
0 -1
0 -1
0 -1
10 9
9 -1
10 -1
10 -1
11 -1
8 11
10 8
8 -1
11 10
10 -1
11 8
8 -1
10 8
11 -1
11 10
8 11
8 -1
8 -1
10 -1
10 -1
10 -1
11 -1
12 -1
7 12
8 7
7 -1
12 8
8 -1
12 7
7 -1
8 7
12 -1
12 8
7 12
7 -1
7 -1
8 -1
8 -1
8 -1
12 -1
13 14
13 -1
14 -1
13 14
7 13
13 -1
14 7
7 -1
14 13
13 -1
7 13
14 -1
14 7
7 -1
7 -1
7 12
8 7
7 -1
12 8
8 -1
12 7
7 -1
8 7
12 -1
12 8
7 12
7 -1
8 -1
8 -1
8 11
10 8
8 -1
11 10
10 -1
11 8
8 -1
10 8
11 -1
11 10
8 11
8 -1
10 -1
10 -1
9 10
11 -1
12 -1
12 11
5 12
11 5
5 -1
12 -1
11 12
11 -1
12 -1
5 12
11 5
5 -1
5 -1
5 -1
12 11
11 -1
12 -1
12 -1
13 14
13 -1
14 -1
13 14
12 13
13 -1
14 12
12 -1
14 13
13 -1
12 13
14 -1
14 12
12 -1
12 -1
12 11
5 12
11 5
5 -1
12 -1
11 12
11 -1
12 -1
5 12
11 5
5 -1
5 -1
5 -1
12 11
11 -1
12 -1
12 -1
13 14
13 -1
14 -1
13 14
12 13
13 -1
14 12
12 -1
14 13
13 -1
12 13
14 -1
14 12
12 -1
12 -1
12 11
4 12
11 4
4 -1
12 -1
11 12
11 -1
12 -1
4 12
11 4
4 -1
4 -1
4 -1
12 11
11 -1
12 -1
12 -1
13 14
13 -1
14 -1
13 14
12 13
13 -1
14 12
12 -1
14 13
13 -1
12 13
14 -1
14 12
12 -1
12 -1
12 11
4 12
11 4
4 -1
12 -1
11 12
11 -1
12 -1
4 12
11 4
4 -1
4 -1
4 -1
12 11
11 -1
12 -1
12 -1
13 14
13 -1
14 -1
13 14
12 13
13 -1
14 12
12 -1
14 13
13 -1
12 13
14 -1
14 12
12 -1
12 -1
12 11
3 12
11 3
3 -1
12 -1
11 12
11 -1
12 -1
3 12
11 3
3 -1
3 -1
3 -1
12 11
11 -1
12 -1
12 -1
13 14
13 -1
14 -1
13 14
12 13
13 -1
14 12
12 -1
14 13
13 -1
12 13
14 -1
14 12
12 -1
12 -1
12 11
3 12
11 3
3 -1
12 -1
11 12
11 -1
12 -1
3 12
11 3
3 -1
3 -1
3 -1
12 11
11 -1
12 -1
12 -1
13 14
13 -1
14 -1
13 14
12 13
13 -1
14 12
12 -1
14 13
13 -1
12 13
14 -1
14 12
12 -1
12 -1
12 11
1 12
11 1
1 -1
12 -1
11 12
11 -1
12 -1
1 12
11 1
1 -1
1 -1
1 -1
12 11
11 -1
12 -1
12 -1
13 14
13 -1
14 -1
13 14
12 13
13 -1
14 12
12 -1
14 13
13 -1
12 13
14 -1
14 12
12 -1
12 -1
12 11
1 12
11 1
1 -1
12 -1
11 12
11 -1
12 -1
1 12
11 1
1 -1
1 -1
1 -1
12 11
11 -1
12 -1
12 -1
13 14
13 -1
14 -1
13 14
12 13
13 -1
14 12
12 -1
14 13
13 -1
12 13
14 -1
14 12
12 -1
12 -1
12 11
0 12
11 0
0 -1
12 -1
11 12
11 -1
12 -1
0 12
11 0
0 -1
0 -1
0 -1
12 11
11 -1
12 -1
12 -1
13 14
13 -1
14 -1
13 14
12 13
13 -1
14 12
12 -1
14 13
13 -1
12 13
14 -1
14 12
12 -1
12 -1
12 11
0 12
11 0
0 -1
12 -1
11 12
11 -1
12 -1
0 12
11 0
0 -1
0 -1
0 -1
12 11
11 -1
11 -1
12 -1
12 -1
13 14
13 -1
14 -1
13 14
12 13
13 -1
14 12
12 -1
14 13
13 -1
12 13
14 -1
14 12
12 -1
12 -1
12 -1
13 14
13 -1
13 11
4 13
11 4
4 -1
13 -1
11 13
11 -1
13 -1
4 13
11 4
4 -1
4 -1
4 -1
13 11
11 -1
13 -1
13 -1
14 -1
12 14
13 12
12 -1
14 13
13 -1
14 12
12 -1
13 12
14 -1
14 13
12 14
12 -1
13 -1
13 -1
13 11
4 13
11 4
4 -1
13 -1
11 13
11 -1
13 -1
4 13
11 4
4 -1
4 -1
4 -1
13 11
11 -1
13 -1
13 -1
14 -1
12 14
13 12
12 -1
14 13
13 -1
14 12
12 -1
13 12
14 -1
14 13
12 14
12 -1
13 -1
13 -1
14 -1
12 14
5 12
12 -1
14 5
5 -1
14 12
12 -1
5 12
14 -1
14 5
5 -1
5 -1
5 -1
12 14
12 -1
14 -1
12 14
2 12
12 -1
14 2
2 -1
14 12
12 -1
2 12
14 -1
14 2
2 -1
2 -1
2 -1
12 14
12 -1
14 -1
12 14
1 12
12 -1
14 1
1 -1
14 12
12 -1
1 12
14 -1
14 1
1 -1
1 -1
1 -1
12 14
12 -1
14 -1
12 14
0 12
12 -1
14 0
0 -1
14 12
12 -1
0 12
14 -1
14 0
0 -1
0 -1
0 -1
12 14
12 -1
12 13
14 -1
14 11
5 14
11 5
5 -1
14 -1
11 14
11 -1
14 -1
5 14
11 5
5 -1
5 -1
5 -1
14 11
11 -1
14 -1
14 -1
14 12
12 -1
13 14
13 12
12 -1
13 -1
14 -1
14 12
13 14
12 13
12 -1
13 -1
12 13
14 -1
14 -1
14 11
5 14
11 5
5 -1
14 -1
11 14
11 -1
14 -1
5 14
11 5
5 -1
5 -1
5 -1
14 11
11 -1
14 -1
14 -1
14 12
12 -1
13 14
13 12
12 -1
13 -1
14 -1
14 12
13 14
12 13
12 -1
13 -1
12 13
14 -1
14 -1
14 11
4 14
11 4
4 -1
14 -1
11 14
11 -1
14 -1
4 14
11 4
4 -1
4 -1
4 -1
14 11
11 -1
14 -1
14 -1
14 12
12 -1
13 14
13 12
12 -1
13 -1
14 -1
14 12
13 14
12 13
12 -1
13 -1
12 13
14 -1
14 -1
14 11
4 14
11 4
4 -1
14 -1
11 14
11 -1
14 -1
4 14
11 4
4 -1
4 -1
4 -1
4 9
9 -1
10 4
4 -1
10 9
9 -1
4 9
10 -1
10 4
4 -1
4 -1
4 -1
9 10
9 -1
9 -1
10 -1
14 11
11 -1
14 -1
14 -1
14 12
12 -1
13 14
13 12
12 -1
13 -1
14 -1
14 12
13 14
12 13
12 -1
13 -1
12 13
14 -1
14 -1
14 11
2 14
11 2
2 -1
14 -1
11 14
11 -1
14 -1
2 14
11 2
2 -1
2 -1
2 -1
14 11
11 -1
14 -1
14 -1
14 12
12 -1
13 14
13 12
12 -1
13 -1
14 -1
14 12
13 14
12 13
12 -1
13 -1
12 13
14 -1
14 -1
14 11
2 14
11 2
2 -1
14 -1
11 14
11 -1
14 -1
2 14
11 2
2 -1
14 11
11 -1
14 -1
14 -1
14 12
12 -1
13 14
13 12
12 -1
13 -1
14 -1
14 12
13 14
12 13
12 -1
13 -1
12 13
14 -1
14 -1
14 11
1 14
11 1
1 -1
14 -1
11 14
11 -1
14 -1
1 14
11 1
1 -1
1 -1
1 -1
14 11
11 -1
14 -1
14 -1
14 12
12 -1
13 14
13 12
12 -1
13 -1
14 -1
14 12
13 14
12 13
12 -1
13 -1
12 13
14 -1
14 -1
14 11
1 14
11 1
1 -1
14 -1
11 14
11 -1
14 -1
1 14
11 1
1 -1
1 -1
1 -1
14 11
11 -1
14 -1
14 -1
14 12
12 -1
13 14
13 12
12 -1
13 -1
14 -1
14 12
13 14
12 13
12 -1
13 -1
12 13
14 -1
14 -1
14 11
0 14
11 0
0 -1
14 -1
11 14
11 -1
14 -1
0 14
11 0
0 -1
0 -1
0 -1
14 11
11 -1
14 -1
14 -1
14 12
12 -1
13 14
13 12
12 -1
13 -1
14 -1
14 12
13 14
12 13
12 -1
13 -1
12 13
14 -1
14 -1
14 11
0 14
11 0
0 -1
14 -1
11 14
11 -1
14 -1
0 14
11 0
0 -1
0 -1
0 -1
14 11
11 -1
11 -1
14 -1
14 -1
14 12
12 -1
13 14
13 12
12 -1
13 -1
14 -1
14 12
13 14
12 13
12 -1
13 -1
13 -1
13 11
3 13
11 3
3 -1
13 -1
11 13
11 -1
13 -1
3 13
11 3
3 -1
3 -1
3 -1
13 11
11 -1
13 -1
13 -1
14 -1
14 -1
12 14
13 12
12 -1
14 13
13 -1
14 12
12 -1
13 12
14 -1
14 13
12 14
12 -1
13 -1
13 -1
13 11
3 13
11 3
3 -1
13 -1
11 13
11 -1
13 -1
3 13
11 3
3 -1
3 -1
3 -1
13 11
11 -1
8 11
9 8
8 -1
11 9
9 -1
11 8
8 -1
9 8
11 -1
11 9
8 11
8 -1
8 -1
9 -1
9 -1
9 -1
11 -1
13 -1
13 -1
14 -1
12 14
13 12
12 -1
14 13
13 -1
14 12
12 -1
13 12
14 -1
14 13
12 14
12 -1
7 12
8 7
7 -1
12 8
8 -1
12 7
7 -1
8 7
12 -1
12 8
7 12
7 -1
7 -1
8 -1
8 -1
8 -1
12 -1
13 -1
13 -1
14 -1
13 14
7 13
13 -1
14 7
7 -1
14 13
13 -1
7 13
14 -1
14 7
7 -1
7 -1
7 12
8 7
7 -1
12 8
8 -1
12 7
7 -1
8 7
12 -1
12 8
7 12
7 -1
8 -1
8 -1
8 11
9 8
8 -1
11 9
9 -1
11 8
8 -1
9 8
11 -1
11 9
8 11
8 -1
9 -1
9 -1
9 10
4 9
9 -1
10 4
4 -1
10 9
9 -1
4 9
10 -1
10 4
4 -1
4 -1
4 -1
9 10
9 -1
9 -1
10 -1
11 -1
8 11
9 8
8 -1
11 9
9 -1
11 8
8 -1
9 8
11 -1
11 9
8 11
8 -1
8 -1
9 -1
9 -1
9 -1
11 -1
12 -1
7 12
8 7
7 -1
12 8
8 -1
12 7
7 -1
8 7
12 -1
12 8
7 12
7 -1
7 -1
8 -1
8 -1
8 -1
12 -1
13 14
13 -1
14 -1
13 14
7 13
13 -1
14 7
7 -1
14 13
13 -1
7 13
14 -1
14 7
7 -1
7 -1
7 12
8 7
7 -1
12 8
8 -1
12 7
7 -1
8 7
12 -1
12 8
7 12
7 -1
8 -1
8 -1
8 11
9 8
8 -1
11 9
9 -1
11 8
8 -1
9 8
11 -1
11 9
8 11
8 -1
9 -1
9 -1
9 10
3 9
9 -1
10 3
3 -1
10 9
9 -1
3 9
10 -1
10 3
3 -1
3 -1
3 -1
9 10
9 -1
9 -1
10 -1
11 -1
8 11
9 8
8 -1
11 9
9 -1
11 8
8 -1
9 8
11 -1
11 9
8 11
8 -1
8 -1
9 -1
9 -1
9 -1
11 -1
12 -1
7 12
8 7
7 -1
12 8
8 -1
12 7
7 -1
8 7
12 -1
12 8
7 12
7 -1
7 -1
8 -1
8 -1
8 -1
12 -1
13 14
13 -1
14 -1
13 14
7 13
13 -1
14 7
7 -1
14 13
13 -1
7 13
14 -1
14 7
7 -1
7 -1
7 12
8 7
7 -1
12 8
8 -1
12 7
7 -1
8 7
12 -1
12 8
7 12
7 -1
8 -1
8 -1
8 11
9 8
8 -1
11 9
9 -1
11 8
8 -1
9 8
11 -1
11 9
8 11
8 -1
9 -1
9 -1
9 10
3 9
9 -1
10 3
3 -1
10 9
9 -1
3 9
10 -1
10 3
3 -1
3 -1
3 -1
9 10
9 -1
9 -1
10 -1
11 -1
8 11
9 8
8 -1
11 9
9 -1
11 8
8 -1
9 8
11 -1
11 9
8 11
8 -1
8 -1
9 -1
9 -1
9 -1
11 -1
12 -1
7 12
8 7
7 -1
12 8
8 -1
12 7
7 -1
8 7
12 -1
12 8
7 12
7 -1
7 -1
8 -1
8 -1
8 -1
12 -1
13 14
13 -1
14 -1
13 14
7 13
13 -1
14 7
7 -1
14 13
13 -1
7 13
14 -1
14 7
7 -1
7 -1
7 12
8 7
7 -1
12 8
8 -1
12 7
7 -1
8 7
12 -1
12 8
7 12
7 -1
8 -1
8 -1
8 11
9 8
8 -1
11 9
9 -1
11 8
8 -1
9 8
11 -1
11 9
8 11
8 -1
9 -1
9 -1
9 10
0 9
9 -1
10 0
0 -1
10 9
9 -1
0 9
10 -1
10 0
0 -1
0 -1
0 -1
9 10
9 -1
9 -1
10 -1
11 -1
8 11
9 8
8 -1
11 9
9 -1
11 8
8 -1
9 8
11 -1
11 9
8 11
8 -1
8 -1
9 -1
9 -1
9 -1
11 -1
12 -1
7 12
8 7
7 -1
12 8
8 -1
12 7
7 -1
8 7
12 -1
12 8
7 12
7 -1
7 -1
8 -1
8 -1
8 -1
12 -1
13 14
13 -1
14 -1
13 14
7 13
13 -1
14 7
7 -1
14 13
13 -1
7 13
14 -1
14 7
7 -1
7 -1
7 12
8 7
7 -1
12 8
8 -1
12 7
7 -1
8 7
12 -1
12 8
7 12
7 -1
8 -1
8 -1
8 11
9 8
8 -1
11 9
9 -1
11 8
8 -1
9 8
11 -1
11 9
8 11
8 -1
9 -1
9 -1
9 10
0 9
9 -1
10 0
0 -1
10 9
9 -1
0 9
10 -1
10 0
0 -1
9 10
9 -1
9 -1
10 -1
11 -1
8 11
9 8
8 -1
11 9
9 -1
11 8
8 -1
9 8
11 -1
11 9
8 11
8 -1
8 -1
9 -1
9 -1
9 -1
11 -1
12 -1
7 12
8 7
7 -1
12 8
8 -1
12 7
7 -1
8 7
12 -1
12 8
7 12
7 -1
7 -1
8 -1
8 -1
8 -1
12 -1
13 14
13 -1
14 -1
13 14
7 13
13 -1
14 7
7 -1
14 13
13 -1
7 13
14 -1
14 7
7 -1
7 -1
7 12
8 7
7 -1
12 8
8 -1
12 7
7 -1
8 7
12 -1
12 8
7 12
7 -1
8 -1
8 -1
8 11
9 8
8 -1
11 9
9 -1
11 8
8 -1
9 8
11 -1
11 9
8 11
8 -1
9 -1
9 -1
10 8
5 10
8 5
5 -1
10 -1
8 10
8 -1
10 -1
5 10
8 5
5 -1
5 -1
5 -1
10 8
8 -1
10 -1
10 -1
11 -1
9 11
10 9
9 -1
11 10
10 -1
11 9
9 -1
10 9
11 -1
11 10
9 11
9 -1
9 -1
10 -1
10 -1
10 -1
11 -1
12 -1
7 12
9 7
7 -1
12 9
9 -1
12 7
7 -1
9 7
12 -1
12 9
7 12
7 -1
7 -1
9 -1
9 -1
9 -1
12 -1
13 14
13 -1
13 -1
14 -1
13 14
7 13
13 -1
14 7
7 -1
14 13
13 -1
7 13
14 -1
14 7
7 -1
7 -1
7 12
9 7
7 -1
12 9
9 -1
12 7
7 -1
9 7
12 -1
12 9
7 12
7 -1
9 -1
9 -1
9 11
10 9
9 -1
11 10
10 -1
11 9
9 -1
10 9
11 -1
11 10
9 11
9 -1
10 -1
10 -1
10 8
5 10
8 5
5 -1
10 -1
8 10
8 -1
10 -1
5 10
8 5
5 -1
5 -1
10 8
8 -1
10 -1
10 -1
11 -1
9 11
10 9
9 -1
11 10
10 -1
11 9
9 -1
10 9
11 -1
11 10
9 11
9 -1
9 -1
10 -1
10 -1
10 -1
11 -1
12 -1
7 12
9 7
7 -1
12 9
9 -1
12 7
7 -1
9 7
12 -1
12 9
7 12
7 -1
7 -1
9 -1
9 -1
9 -1
12 -1
13 14
13 -1
14 -1
13 14
7 13
13 -1
14 7
7 -1
14 13
13 -1
7 13
14 -1
14 7
7 -1
7 -1
7 12
9 7
7 -1
12 9
9 -1
12 7
7 -1
9 7
12 -1
12 9
7 12
7 -1
9 -1
9 -1
9 11
10 9
9 -1
11 10
10 -1
11 9
9 -1
10 9
11 -1
11 10
9 11
9 -1
10 -1
10 -1
10 8
4 10
8 4
4 -1
10 -1
8 10
8 -1
10 -1
4 10
8 4
4 -1
4 -1
4 -1
10 8
8 -1
10 -1
10 -1
11 -1
9 11
10 9
9 -1
11 10
10 -1
11 9
9 -1
10 9
11 -1
11 10
9 11
9 -1
9 -1
10 -1
10 -1
10 -1
11 -1
12 -1
7 12
9 7
7 -1
12 9
9 -1
12 7
7 -1
9 7
12 -1
12 9
7 12
7 -1
7 -1
9 -1
9 -1
9 -1
12 -1
13 14
13 -1
14 -1
13 14
7 13
13 -1
14 7
7 -1
14 13
13 -1
7 13
14 -1
14 7
7 -1
7 -1
7 12
9 7
7 -1
12 9
9 -1
12 7
7 -1
9 7
12 -1
12 9
7 12
7 -1
9 -1
9 -1
9 11
10 9
9 -1
11 10
10 -1
11 9
9 -1
10 9
11 -1
11 10
9 11
9 -1
10 -1
10 -1
10 8
4 10
8 4
4 -1
10 -1
8 10
8 -1
10 -1
4 10
8 4
4 -1
10 8
8 -1
10 -1
10 -1
11 -1
9 11
10 9
9 -1
11 10
10 -1
11 9
9 -1
10 9
11 -1
11 10
9 11
9 -1
9 -1
10 -1
10 -1
10 -1
11 -1
12 -1
7 12
9 7
7 -1
12 9
9 -1
12 7
7 -1
9 7
12 -1
12 9
7 12
7 -1
7 -1
9 -1
9 -1
9 -1
12 -1
13 14
13 -1
14 -1
13 14
7 13
13 -1
14 7
7 -1
14 13
13 -1
7 13
14 -1
14 7
7 -1
7 -1
7 12
9 7
7 -1
12 9
9 -1
12 7
7 -1
9 7
12 -1
12 9
7 12
7 -1
9 -1
9 -1
9 11
10 9
9 -1
11 10
10 -1
11 9
9 -1
10 9
11 -1
11 10
9 11
9 -1
10 -1
10 -1
10 8
1 10
8 1
1 -1
10 -1
8 10
8 -1
10 -1
1 10
8 1
1 -1
1 -1
1 -1
10 8
8 -1
10 -1
10 -1
11 -1
9 11
10 9
9 -1
11 10
10 -1
11 9
9 -1
10 9
11 -1
11 10
9 11
9 -1
9 -1
10 -1
10 -1
10 -1
11 -1
12 -1
7 12
9 7
7 -1
12 9
9 -1
12 7
7 -1
9 7
12 -1
12 9
7 12
7 -1
7 -1
9 -1
9 -1
9 -1
12 -1
13 14
13 -1
14 -1
13 14
7 13
13 -1
14 7
7 -1
14 13
13 -1
7 13
14 -1
14 7
7 -1
7 -1
7 12
9 7
7 -1
12 9
9 -1
12 7
7 -1
9 7
12 -1
12 9
7 12
7 -1
9 -1
9 -1
9 11
10 9
9 -1
11 10
10 -1
11 9
9 -1
10 9
11 -1
11 10
9 11
9 -1
10 -1
10 -1
10 8
1 10
8 1
1 -1
10 -1
8 10
8 -1
10 -1
1 10
8 1
1 -1
10 8
8 -1
10 -1
10 -1
11 -1
9 11
10 9
9 -1
11 10
10 -1
11 9
9 -1
10 9
11 -1
11 10
9 11
9 -1
9 -1
10 -1
10 -1
10 -1
11 -1
12 -1
7 12
9 7
7 -1
12 9
9 -1
12 7
7 -1
9 7
12 -1
12 9
7 12
7 -1
7 -1
9 -1
9 -1
9 -1
12 -1
13 14
13 -1
14 -1
13 14
7 13
13 -1
14 7
7 -1
14 13
13 -1
7 13
14 -1
14 7
7 -1
7 -1
7 12
9 7
7 -1
12 9
9 -1
12 7
7 -1
9 7
12 -1
12 9
7 12
7 -1
7 -1
9 -1
9 -1
9 11
10 9
9 -1
11 10
10 -1
11 9
9 -1
10 9
11 -1
11 10
9 11
9 -1
10 -1
10 -1
11 -1
11 7
3 11
7 3
3 -1
11 -1
7 11
7 -1
11 -1
3 11
7 3
3 -1
3 -1
3 -1
11 7
7 -1
11 -1
11 -1
12 -1
10 12
11 10
10 -1
12 11
11 -1
12 10
10 -1
11 10
12 -1
12 11
10 12
10 -1
10 -1
11 -1
11 -1
11 -1
12 -1
13 14
13 -1
13 -1
14 -1
13 14
10 13
13 -1
14 10
10 -1
14 13
13 -1
10 13
14 -1
14 10
10 -1
10 -1
10 12
11 10
10 -1
12 11
11 -1
12 10
10 -1
11 10
12 -1
12 11
10 12
10 -1
11 -1
11 -1
11 7
3 11
7 3
3 -1
11 -1
7 11
7 -1
11 -1
3 11
7 3
3 -1
3 -1
3 -1
11 7
7 -1
9 7
3 9
7 3
3 -1
9 -1
7 9
7 -1
9 -1
3 9
7 3
3 -1
3 -1
3 -1
9 7
7 -1
9 -1
9 -1
11 -1
11 -1
12 -1
10 12
11 10
10 -1
12 11
11 -1
12 10
10 -1
11 10
12 -1
12 11
10 12
10 -1
10 -1
11 -1
11 -1
11 -1
12 -1
13 14
13 -1
14 -1
13 14
10 13
13 -1
14 10
10 -1
14 13
13 -1
10 13
14 -1
14 10
10 -1
10 -1
10 12
11 10
10 -1
12 11
11 -1
12 10
10 -1
11 10
12 -1
12 11
10 12
10 -1
10 -1
8 10
9 8
8 -1
10 9
9 -1
10 8
8 -1
9 8
10 -1
10 9
8 10
8 -1
8 -1
9 -1
9 -1
9 -1
10 -1
11 -1
11 -1
6 11
8 6
6 -1
11 8
8 -1
11 6
6 -1
8 6
11 -1
11 8
6 11
6 -1
6 -1
8 -1
8 -1
8 -1
11 -1
12 -1
5 12
6 5
5 -1
12 6
6 -1
12 5
5 -1
6 5
12 -1
12 6
5 12
5 -1
5 -1
6 -1
6 -1
6 -1
12 -1
13 14
13 -1
14 -1
13 14
5 13
13 -1
14 5
5 -1
14 13
13 -1
5 13
14 -1
14 5
5 -1
5 -1
5 12
6 5
5 -1
12 6
6 -1
12 5
5 -1
6 5
12 -1
12 6
5 12
5 -1
6 -1
6 -1
6 11
8 6
6 -1
11 8
8 -1
11 6
6 -1
8 6
11 -1
11 8
6 11
6 -1
8 -1
8 -1
8 10
9 8
8 -1
10 9
9 -1
10 8
8 -1
9 8
10 -1
10 9
8 10
8 -1
9 -1
9 -1
9 7
3 9
7 3
3 -1
9 -1
7 9
7 -1
9 -1
3 9
7 3
3 -1
9 7
9 -1
9 -1
10 -1
8 10
9 8
8 -1
10 9
9 -1
10 8
8 -1
9 8
10 -1
10 9
8 10
8 -1
8 -1
9 -1
9 -1
9 -1
10 -1
11 -1
6 11
8 6
6 -1
11 8
8 -1
11 6
6 -1
8 6
11 -1
11 8
6 11
6 -1
6 -1
8 -1
8 -1
8 -1
11 -1
12 -1
5 12
6 5
5 -1
12 6
6 -1
12 5
5 -1
6 5
12 -1
12 6
5 12
5 -1
5 -1
6 -1
6 -1
6 -1
12 -1
13 14
13 -1
14 -1
13 14
5 13
13 -1
14 5
5 -1
14 13
13 -1
5 13
14 -1
14 5
5 -1
5 -1
5 12
6 5
5 -1
12 6
6 -1
12 5
5 -1
6 5
12 -1
12 6
5 12
6 -1
6 -1
6 11
8 6
6 -1
11 8
8 -1
11 6
6 -1
8 6
11 -1
11 8
6 11
8 -1
8 -1
8 10
9 8
8 -1
10 9
9 -1
10 8
8 -1
9 8
10 -1
10 9
8 10
9 -1
13 14