10
0 -1
0 -1
0 1
0 -1
0 1
0 -1
1 -1
1 -1
0 2
0 -1
0 2
0 -1
1 2
1 -1
1 2
1 -1
2 -1
2 -1
0 3
0 -1
0 3
0 -1
1 3
1 -1
1 3
1 -1
2 3
2 -1
2 3
2 -1
3 -1
3 -1
0 4
0 -1
0 4
0 -1
1 4
1 -1
1 4
1 -1
2 4
2 -1
2 4
2 -1
3 4
3 -1
3 4
3 -1
4 -1
4 -1
0 5
0 -1
0 5
0 -1
1 5
1 -1
1 5
1 -1
2 5
2 -1
2 5
2 -1
3 5
3 -1
3 5
3 -1
4 5
4 -1
4 5
4 -1
5 -1
5 -1
0 6
0 -1
0 6
0 -1
1 6
1 -1
1 6
1 -1
2 6
2 -1
2 6
2 -1
3 6
3 -1
3 6
3 -1
4 6
4 -1
4 6
4 -1
5 6
5 -1
5 6
5 -1
6 -1
6 -1
0 7
0 -1
0 7
0 -1
1 7
1 -1
1 7
1 -1
2 7
2 -1
2 7
2 -1
3 7
3 -1
3 7
3 -1
4 7
4 -1
4 7
4 -1
5 7
5 -1
5 7
5 -1
6 7
6 -1
6 7
6 -1
7 -1
7 -1
0 8
0 -1
0 8
0 -1
1 8
1 -1
1 8
1 -1
2 8
2 -1
2 8
2 -1
3 8
3 -1
3 8
3 -1
4 8
4 -1
4 8
4 -1
5 8
5 -1
5 8
5 -1
6 8
6 -1
6 8
6 -1
7 8
7 -1
7 8
7 -1
8 -1
8 -1
0 9
0 -1
0 9
0 -1
1 9
1 -1
1 9
1 -1
2 9
2 -1
2 9
2 -1
3 9
3 -1
3 9
3 -1
4 9
4 -1
4 9
4 -1
5 9
5 -1
5 9
5 -1
6 9
6 -1
6 9
6 -1
7 9
7 -1
7 9
7 -1
8 9
8 -1
8 9
8 -1
9 -1
9 -1