13
0 -1
0 -1
1 -1
1 -1
2 -1
2 -1
3 -1
3 -1
5 -1
6 -1
7 -1
8 -1
9 -1
10 -1
10 8
2 10
8 2
2 -1
10 -1
8 10
8 -1
10 -1
2 10
8 2
2 -1
2 -1
2 -1
10 8
8 -1
10 -1
10 -1
11 -1
12 -1
11 12
10 11
11 -1
12 10
10 -1
12 11
11 -1
10 11
12 -1
12 10
10 -1
10 -1
10 8
2 10
8 2
2 -1
10 -1
8 10
8 -1
10 -1
2 10
8 2
2 -1
2 -1
2 -1
10 8
8 -1
10 -1
10 -1
11 12
11 -1
12 -1
11 12
10 11
11 -1
12 10
10 -1
12 11
11 -1
10 11
12 -1
12 10
10 -1
10 -1
11 12
11 -1
10 11
12 -1
12 7
1 12
7 1
1 -1
12 -1
7 12
7 -1
12 -1
1 12
7 1
1 -1
1 -1
1 -1
12 7
7 -1
12 -1
12 -1
12 10
10 -1
11 12
11 10
10 -1
11 -1
12 -1
12 10
11 12
10 11
10 -1
11 -1
10 11
12 -1
12 -1
12 7
1 12
7 1
1 -1
12 -1
7 12
7 -1
12 -1
1 12
7 1
1 -1
1 -1
1 -1
12 7
7 -1
12 -1
12 -1
12 10
10 -1
11 12
11 10
10 -1
11 -1
12 -1
12 10
11 12
10 11
10 -1
6 10
11 -1
7 11
3 7
7 -1
11 3
3 -1
11 7
7 -1
3 7
11 -1
11 3
3 -1
3 -1
3 -1
7 11
7 -1
11 -1
7 11
2 7
7 -1
11 2
2 -1
11 7
7 -1
2 7
11 -1
11 2
2 -1
2 -1
2 -1
2 6
6 -1
7 11
7 -1
10 2
2 -1
10 6
6 -1
2 6
10 -1
10 2
2 -1
2 -1
2 -1
6 10
6 -1
10 -1
6 10
1 6
6 -1
10 1
1 -1
10 6
6 -1
1 6
10 -1
10 1
1 -1
1 -1
1 -1
6 10
6 -1
10 -1
9 10
11 -1
12 -1
12 -1
12 6
0 12
6 0
0 -1
12 -1
6 12
6 -1
12 -1
0 12
6 0
0 -1
0 -1
0 -1
12 6
6 -1
12 -1
12 -1
12 9
9 -1
10 12
10 9
9 -1
10 -1
12 -1
12 9
10 12
9 10
9 -1
10 -1
9 10
12 -1
12 -1
12 6
0 12
6 0
0 -1
12 -1
6 12
6 -1
12 -1
0 12
6 0
0 -1
0 -1
0 -1
12 6
6 -1
12 -1
12 -1
12 9
9 -1
10 12
10 9
9 -1
10 -1
12 -1
12 9
10 12
9 10
9 -1
5 9
1 5
5 -1
9 1
1 -1
9 5
5 -1
1 5
9 -1
9 1
1 -1
1 -1
1 -1
5 9
5 -1
9 -1
5 9
0 5
5 -1
9 0
0 -1
9 5
5 -1
0 5
9 -1
9 0
0 -1
0 -1
0 -1
5 9
5 -1
9 -1
9 7
10 -1
6 10
12 -1
12 -1
12 5
0 12
5 0
0 -1
12 -1
5 12
5 -1
12 -1
0 12
5 0
0 -1
0 -1
0 -1
12 5
5 -1
12 -1
12 -1
12 6
6 -1
10 12
10 6
6 -1
10 -1
12 -1
12 6
10 12
6 10
6 -1
10 -1
6 10
12 -1
12 -1
12 5
0 12
5 0
0 -1
12 -1
5 12
5 -1
12 -1
0 12
5 0
0 -1
0 -1
0 -1
12 5
5 -1
5 -1
12 -1
12 -1
12 6
6 -1
10 12
10 6
6 -1
10 -1
12 -1
12 6
10 12
6 10
6 -1
10 -1
10 11
12 -1
12 -1
12 5
0 12
5 0
0 -1
12 -1
5 12
5 -1
12 -1
0 12
5 0
0 -1
0 -1
0 -1
12 5
5 -1
12 -1
12 -1
12 9
7 12
9 -1
7 9
7 -1
9 -1
12 -1
12 9
7 12
9 7
7 -1
9 -1
9 -1
9 10
10 -1
11 9
9 -1
11 10
10 -1
9 10
11 -1
11 9
9 -1
9 -1
9 7
10 11
10 -1
11 -1
10 11
12 -1
12 -1
12 -1
12 9
7 12
9 -1
7 9
7 -1
9 -1
12 -1
12 9
7 12
9 7
7 -1
9 -1
9 7
12 -1
12 -1
12 5
0 12
5 0
0 -1
12 -1
5 12
5 -1
12 -1
0 12
5 0
0 -1
0 -1
0 -1
12 5
5 -1
12 -1
12 -1
12 9
7 12
9 -1
7 9
7 -1
9 -1
12 -1
12 9
7 12
9 7
7 -1
9 -1
9 -1
9 10
10 -1
11 9
9 -1
11 10
10 -1
9 10
11 -1
11 9
9 -1
9 -1
9 7
10 11
10 -1
10 6
11 -1
12 -1
12 -1
12 -1
12 9
7 12
9 -1
7 9
7 -1
9 -1
12 -1
12 9
7 12
9 7
7 -1
7 11
9 -1
9 -1
12 -1
12 -1
12 5
0 12
5 0
0 -1
12 -1
5 12
5 -1
12 -1
0 12
5 0
0 -1
0 -1
0 -1
12 5
5 -1
12 -1
12 -1
12 10
6 12
10 -1
6 10
6 -1
10 -1
12 -1
12 10
6 12
10 6
6 -1
10 -1
10 -1
10 7
7 -1
11 10
10 -1
11 7
7 -1
10 7
11 -1
11 10
7 11
7 -1
10 -1
10 -1
10 6
11 -1
7 11
12 -1
12 -1
12 -1
12 10
6 12
10 -1
6 10
6 -1
10 -1
12 -1
12 10
6 12
10 6
6 -1
10 -1
10 6
12 -1
12 -1
12 5
0 12
5 0
0 -1
12 -1
5 12
5 -1
12 -1
0 12
5 0
0 -1
0 -1
0 -1
12 5
5 -1
12 -1
12 -1
12 10
6 12
10 -1
6 10
6 -1
10 -1
12 -1
12 10
6 12
10 6
6 -1
10 -1
10 -1
10 7
7 -1
11 10
10 -1
11 7
7 -1
10 7
11 -1
11 10
7 11
7 -1
10 -1
10 -1
10 6
11 -1
9 11
12 -1
12 -1
12 -1
12 10
6 12
10 -1
6 10
6 -1
10 -1
12 -1
12 10
6 12
10 6
6 -1
10 -1
10 7
12 -1
12 -1
12 6
0 12
6 0
0 -1
12 -1
6 12
6 -1
12 -1
0 12
6 0
0 -1
0 -1
0 -1
12 6
6 -1
12 -1
12 -1
12 10
7 12
10 -1
7 10
7 -1
10 -1
12 -1
12 10
7 12
10 7
7 -1
10 -1
10 -1
10 9
9 -1
11 10
10 -1
11 9
9 -1
10 9
11 -1
11 10
9 11
9 -1
10 -1
10 -1
10 7
11 -1
9 11
12 -1
12 -1
12 -1
12 10
7 12
10 -1
7 10
7 -1
10 -1
12 -1
12 10
7 12
10 7
7 -1
10 -1
10 7
12 -1
12 -1
12 6
0 12
6 0
0 -1
12 -1
6 12
6 -1
12 -1
0 12
6 0
0 -1
0 -1
0 -1
12 6
6 -1
12 -1
12 -1
12 10
7 12
10 -1
7 10
7 -1
10 -1
12 -1
12 10
7 12
10 7
7 -1
10 -1
10 -1
10 9
9 -1
11 10
10 -1
11 9
9 -1
10 9
11 -1
11 10
9 11
9 -1
8 9
10 -1
10 -1
10 7
11 -1
12 -1
12 -1
12 -1
12 10
7 12
10 -1
7 10
7 -1
10 -1
12 -1
12 10
7 12
10 7
7 -1
10 -1
10 11
12 -1
12 -1
12 7
0 12
7 0
0 -1
12 -1
7 12
7 -1
12 -1
0 12
7 0
0 -1
0 -1
0 -1
12 7
7 -1
12 -1
12 -1
12 8
8 -1
9 12
9 8
8 -1
9 -1
12 -1
12 8
9 12
8 9
8 -1
8 -1
8 10
9 -1
10 -1
11 8
8 -1
11 10
10 -1
8 10
11 -1
11 8
8 -1
8 -1
8 9
10 11
10 -1
11 -1
10 11
12 -1
12 -1
12 -1
12 8
8 -1
9 12
9 8
8 -1
9 -1
12 -1
12 8
9 12
8 9
8 -1
9 -1
8 9
12 -1
12 -1
12 7
0 12
7 0
0 -1
12 -1
7 12
7 -1
12 -1
0 12
7 0
0 -1
0 -1
0 -1
12 7
7 -1
12 -1
12 -1
12 8
8 -1
9 12
9 8
8 -1
9 -1
12 -1
12 8
9 12
8 9
8 -1
8 -1
8 10
9 -1
10 -1
11 8
8 -1
11 10
10 -1
8 10
11 -1
11 8
8 -1
8 -1
8 9
10 11
10 -1
10 6
11 -1
12 -1
12 -1
12 -1
12 8
8 -1
9 12
9 8
8 -1
9 -1
12 -1
12 8
9 12
8 9
8 -1
9 -1
5 9
1 5
5 -1
9 1
1 -1
9 5
5 -1
1 5
9 -1
9 1
1 -1
1 -1
1 -1
1 10
5 9
5 -1
6 1
1 -1
9 -1
9 8
10 -1
6 10
6 -1
10 -1
1 10
6 1
1 -1
1 -1
1 -1
10 6
6 -1
10 -1
10 -1
10 9
8 10
9 -1
8 9
8 -1
9 -1
10 -1
10 9
8 10
9 8
8 -1
9 -1
9 -1
10 -1
10 -1
10 -1
12 -1
12 -1
11 12
9 11
11 -1
12 9
9 -1
12 11
11 -1
9 11
12 -1
12 9
9 -1
9 -1
9 8
10 9
8 10
9 -1
8 9
8 -1
9 -1
10 -1
10 9
8 10
9 8
8 -1
9 -1
9 8
10 -1
10 -1
10 6
1 10
6 1
1 -1
10 -1
6 10
6 -1
10 -1
1 10
6 1
1 -1
1 -1
1 -1
10 6
6 -1
10 -1
10 -1
10 9
8 10
9 -1
8 9
8 -1
9 -1
10 -1
10 9
8 10
9 8
8 -1
9 -1
9 -1
10 -1
10 -1
10 -1
11 12
11 -1
12 -1
11 12
9 11
11 -1
12 9
9 -1
12 11
11 -1
9 11
12 -1
12 9
9 -1
9 -1
9 8
10 9
8 10
9 -1
8 9
8 -1
9 -1
10 -1
10 9
8 10
9 8
8 -1
9 -1
5 9
10 -1
10 -1
11 12
11 -1
7 11
12 -1
12 6
1 12
6 1
1 -1
12 -1
6 12
6 -1
12 -1
1 12
6 1
1 -1
1 -1
1 -1
12 6
6 -1
12 -1
12 -1
12 7
7 -1
11 12
11 7
7 -1
11 -1
12 -1
12 7
11 12
7 11
7 -1
11 -1
7 11
12 -1
12 -1
12 6
1 12
6 1
1 -1
12 -1
6 12
6 -1
12 -1
1 12
6 1
1 -1
1 -1
1 -1
12 6
6 -1
6 -1
12 -1
12 -1
12 7
7 -1
11 12
11 7
7 -1
11 -1
12 -1
12 7
11 12
7 11
7 -1
10 7
11 -1
11 6
1 11
6 1
1 -1
11 -1
6 11
6 -1
11 -1
1 11
6 1
1 -1
1 -1
1 -1
11 6
6 -1
11 -1
11 -1
11 10
7 11
10 -1
7 10
7 -1
10 -1
11 -1
11 10
7 11
10 7
7 -1
10 -1
10 -1
11 -1
11 -1
11 -1
12 -1
12 -1
8 12
10 8
8 -1
12 10
10 -1
12 8
8 -1
10 8
12 -1
12 10
8 12
8 -1
10 -1
10 -1
10 7
11 10
7 11
10 -1
7 10
7 -1
10 -1
11 -1
11 10
7 11
10 7
7 -1
10 -1
10 7
11 -1
11 -1
11 6
1 11
6 1
1 -1
11 -1
6 11
6 -1
11 -1
1 11
6 1
1 -1
1 -1
1 -1
11 6
6 -1
11 -1
11 -1
11 10
7 11
10 -1
7 10
7 -1
10 -1
11 -1
11 10
7 11
10 7
7 -1
10 -1
10 -1
11 -1
11 -1
11 -1
12 -1
8 12
10 8
8 -1
12 10
10 -1
12 8
8 -1
10 8
12 -1
12 10
8 12
8 -1
10 -1
10 -1
10 7
11 10
7 11
10 -1
7 10
7 -1
10 -1
11 -1
11 10
7 11
10 7
7 -1
7 8
10 -1
10 6
0 10
6 0
0 -1
10 -1
6 10
6 -1
10 -1
0 10
6 0
0 -1
0 -1
0 -1
10 6
6 -1
10 -1
10 -1
10 7
7 -1
8 10
8 7
7 -1
8 -1
10 -1
10 7
8 10
7 8
7 -1
7 -1
7 5
5 -1
8 -1
9 7
7 -1
9 5
5 -1
7 5
9 -1
9 7
5 9
5 -1
5 -1
7 -1
7 -1
7 -1
9 -1
10 -1
10 -1
10 -1
11 -1
11 -1
12 -1
11 12
5 11
11 -1
12 5
5 -1
12 11
11 -1
5 11
12 -1
12 5
5 -1
5 -1
5 9
7 5
5 -1
9 7
7 -1
9 5
5 -1
7 5
9 -1
9 7
5 9
5 -1
7 -1
7 -1
7 8
9 -1
5 9
10 7
7 -1
8 10
8 7
7 -1
8 -1
10 -1
10 7
8 10
7 8
7 -1
8 -1
7 8
10 -1
10 -1
10 6
0 10
6 0
0 -1
10 -1
6 10
6 -1
10 -1
0 10
6 0
0 -1
0 -1
0 -1
10 6
6 -1
10 -1
10 -1
10 7
7 -1
8 10
8 7
7 -1
8 -1
10 -1
10 7
8 10
7 8
7 -1
7 -1
7 5
5 -1
8 -1
9 7
7 -1
9 5
5 -1
7 5
9 -1
9 7
5 9
5 -1
5 -1
7 -1
7 -1
7 -1
9 -1
10 -1
10 -1
10 -1
11 12
11 -1
12 -1
11 12
5 11
11 -1
12 5
5 -1
12 11
11 -1
5 11
12 -1
12 5
5 -1
5 -1
5 9
7 5
5 -1
9 7
7 -1
9 5
5 -1
7 5
9 -1
9 7
5 9
5 -1
7 -1
7 -1
7 8
9 -1
10 7
7 -1
8 10
8 7
7 -1
8 -1
10 -1
10 7
8 10
7 8
7 -1
8 -1
5 8
10 -1
10 -1
10 7
11 12
11 -1
11 6
0 11
6 0
0 -1
11 -1
6 11
6 -1
11 -1
0 11
6 0
0 -1
0 -1
0 -1
11 6
6 -1
11 -1
11 -1
11 10
7 11
10 -1
7 10
7 -1
10 -1
11 -1
11 10
7 11
10 7
7 -1
10 -1
10 -1
10 5
5 -1
8 10
8 5
5 -1
8 -1
10 -1
10 5
8 10
5 8
5 -1
5 -1
8 -1
10 -1
10 -1
10 -1
11 -1
11 -1
11 -1
12 -1
9 12
5 9
9 -1
12 5
5 -1
12 9
9 -1
5 9
12 -1
12 5
5 -1
5 -1
5 8
9 12
9 -1
10 5
5 -1
8 10
8 5
5 -1
8 -1
10 -1
10 5
8 10
5 8
5 -1
8 -1
5 8
10 -1
10 -1
10 7
11 10
7 11
10 -1
7 10
7 -1
10 -1
11 -1
11 10
7 11
10 7
7 -1
10 -1
10 7
11 -1
11 -1
11 6
0 11
6 0
0 -1
11 -1
6 11
6 -1
11 -1
0 11
6 0
0 -1
0 -1
0 -1
11 6
6 -1
11 -1
11 -1
11 10
7 11
10 -1
7 10
7 -1
10 -1
11 -1
11 10
7 11
10 7
7 -1
10 -1
10 -1
10 5
5 -1
8 10
8 5
5 -1
8 -1
10 -1
10 5
8 10
5 8
5 -1
5 -1
8 -1
10 -1
10 -1
10 -1
11 -1
11 -1
11 -1
12 -1
9 12
5 9
9 -1
12 5
5 -1
12 9
9 -1
5 9
12 -1
12 5
5 -1
5 -1
5 8
9 12
9 -1
10 5
5 -1
8 10
8 5
5 -1
8 -1
10 -1
10 5
8 10
5 8
5 -1
5 9
8 -1
6 8
10 -1
10 -1
10 7
11 10
7 11
10 -1
7 10
7 -1
10 -1
11 -1
11 10
7 11
10 7
7 -1
10 -1
10 -1
11 -1
11 -1
11 7
0 11
7 0
0 -1
11 -1
7 11
7 -1
11 -1
0 11
7 0
0 -1
0 -1
0 -1
11 7
7 -1
11 -1
11 -1
11 6
6 -1
8 11
8 6
6 -1
8 -1
11 -1
11 6
8 11
6 8
6 -1
6 -1
6 5
5 -1
8 -1
9 6
6 -1
9 5
5 -1
6 5
9 -1
9 6
5 9
5 -1
5 -1
6 -1
6 -1
6 -1
9 -1
11 -1
11 -1
11 -1
12 -1
10 12
5 10
10 -1
12 5
5 -1
12 10
10 -1
5 10
12 -1
12 5
5 -1
5 -1
5 9
6 5
5 -1
9 6
6 -1
9 5
5 -1
6 5
9 -1
9 6
5 9
5 -1
6 -1
6 -1
6 8
9 -1
5 9
10 12
10 -1
11 6
6 -1
8 11
8 6
6 -1
8 -1
11 -1
11 6
8 11
6 8
6 -1
8 -1
6 8
11 -1
11 -1
11 7
0 11
7 0
0 -1
11 -1
7 11
7 -1
11 -1
0 11
7 0
0 -1
0 -1
0 -1
11 7
7 -1
11 -1
11 -1
11 6
6 -1
8 11
8 6
6 -1
8 -1
11 -1
11 6
8 11
6 8
6 -1
6 -1
6 5
5 -1
8 -1
9 6
6 -1
9 5
5 -1
6 5
9 -1
9 6
5 9
5 -1
5 -1
6 -1
6 -1
6 -1
9 -1
11 -1
11 -1
11 -1
12 -1
10 12
5 10
10 -1
12 5
5 -1
12 10
10 -1
5 10
12 -1
12 5
5 -1
5 -1
5 9
6 5
5 -1
9 6
6 -1
9 5
5 -1
6 5
9 -1
9 6
5 9
5 -1
6 -1
6 -1
6 8
9 -1
10 12
10 -1
5 10
11 6
6 -1
8 11
8 6
6 -1
8 -1
11 -1
11 6
8 11
6 8
6 -1
6 9
8 -1
7 8
0 7
7 -1
8 0
0 -1
8 7
7 -1
0 7
8 -1
8 0
0 -1
0 -1
0 -1
7 8
7 -1
7 -1
7 6
6 -1
8 -1
9 7
7 -1
9 6
6 -1
7 6
9 -1
9 7
6 9
6 -1
6 -1
6 5
5 -1
7 -1
7 -1
7 -1
9 -1
10 6
6 -1
10 5
5 -1
6 5
10 -1
10 6
5 10
5 -1
5 -1
6 -1
6 -1
6 -1
10 -1
11 -1
11 -1
12 -1
11 12
5 11
11 -1
12 5
5 -1
12 11
11 -1
5 11
12 -1
12 5
5 -1
5 -1
5 10
6 5
5 -1
10 6
6 -1
10 5
5 -1
6 5
10 -1
10 6
5 10
5 -1
6 -1
6 -1
6 9
7 6
6 -1
9 7
7 -1
9 6
6 -1
7 6
9 -1
9 7
6 9
6 -1
7 -1
7 -1
7 8
0 7
7 -1
8 0
0 -1
8 7
7 -1
0 7
8 -1
8 0
0 -1
0 -1
0 -1
7 8
7 -1
7 -1
8 -1
9 -1
6 9
7 6
6 -1
9 7
7 -1
9 6
6 -1
7 6
9 -1
9 7
6 9
6 -1
6 -1
7 -1
7 -1
7 -1
9 -1
10 -1
5 10
6 5
5 -1
10 6
6 -1
10 5
5 -1
6 5
10 -1
10 6
5 10
5 -1
5 -1
6 -1
6 -1
6 -1
10 -1
11 12
11 -1
12 -1
11 12
5 11
11 -1
12 5
5 -1
12 11
11 -1
5 11
12 -1
12 5
5 -1
5 -1
5 10
6 5
5 -1
10 6
6 -1
10 5
5 -1
6 5
10 -1
10 6
5 10
5 -1
6 -1
6 -1
6 9
7 6
6 -1
9 7
7 -1
9 6
6 -1
7 6
9 -1
9 7
6 9
6 -1
7 -1
7 -1
7 -1
9 -1
10 -1
6 10
2 6
6 -1
10 2
2 -1
10 6
6 -1
2 6
10 -1
10 2
2 -1
2 -1
2 -1
6 10
6 -1
10 -1
11 12
11 -1
11 7
2 11
7 2
2 -1
11 -1
7 11
7 -1
11 -1
2 11
7 2
2 -1
2 -1
2 -1
11 7
7 -1
11 -1
11 -1
12 -1
8 12
11 8
8 -1
12 11
11 -1
12 8
8 -1
11 8
12 -1
12 11
8 12
8 -1
11 -1
11 -1
11 7
2 11
7 2
2 -1
11 -1
7 11
7 -1
11 -1
2 11
7 2
2 -1
2 -1
2 -1
11 7
7 -1
11 -1
11 -1
12 -1
8 12
11 8
8 -1
12 11
11 -1
12 8
8 -1
11 8
12 -1
12 11
8 12
8 -1
9 8
11 -1
11 -1
11 7
1 11
7 1
1 -1
11 -1
7 11
7 -1
11 -1
1 11
7 1
1 -1
1 -1
1 -1
11 7
7 -1
11 -1
11 -1
11 9
8 11
9 -1
8 9
8 -1
9 -1
11 -1
11 9
8 11
9 8
8 -1
9 -1
9 -1
11 -1
11 -1
11 -1
12 -1
10 12
9 10
10 -1
12 9
9 -1
12 10
10 -1
9 10
12 -1
12 9
9 -1
9 -1
9 8
10 12
10 -1
11 9
8 11
9 -1
8 9
8 -1
9 -1
11 -1
11 9
8 11
9 8
8 -1
9 -1
9 8
11 -1
11 -1
11 7
1 11
7 1
1 -1
11 -1
7 11
7 -1
11 -1
1 11
7 1
1 -1
1 -1
1 -1
11 7
7 -1
11 -1
11 -1
11 9
8 11
9 -1
8 9
8 -1
9 -1
11 -1
11 9
8 11
9 8
8 -1
9 -1
9 -1
11 -1
11 -1
11 -1
12 -1
10 12
9 10
10 -1
12 9
9 -1
12 10
10 -1
9 10
12 -1
12 9
9 -1
9 -1
9 8
10 12
10 -1
10 6
11 9
8 11
9 -1
8 9
8 -1
9 -1
11 -1
11 9
8 11
9 8
8 -1
9 -1
9 7
11 -1
11 -1
11 5
0 11
5 0
0 -1
11 -1
5 11
5 -1
11 -1
0 11
5 0
0 -1
0 -1
0 -1
11 5
5 -1
11 -1
11 -1
11 10
6 11
10 -1
6 10
6 -1
10 -1
11 -1
11 10
6 11
10 6
6 -1
10 -1
10 -1
10 9
7 10
9 -1
7 9
7 -1
9 -1
10 -1
10 9
7 10
9 7
7 -1
9 -1
9 -1
10 -1
10 -1
10 -1
11 -1
11 -1
11 -1
12 -1
8 12
9 8
8 -1
12 9
9 -1
12 8
8 -1
9 8
12 -1
12 9
8 12
8 -1
9 -1
9 -1
9 7
10 9
7 10
9 -1
7 9
7 -1
9 -1
10 -1
10 9
7 10
9 7
7 -1
9 -1
9 7
10 -1
10 -1
10 6
11 10
6 11
10 -1
6 10
6 -1
10 -1
11 -1
11 10
6 11
10 6
6 -1
10 -1
10 6
11 -1
11 -1
11 5
0 11
5 0
0 -1
11 -1
5 11
5 -1
11 -1
0 11
5 0
0 -1
0 -1
0 -1
11 5
5 -1
11 -1
11 -1
11 10
6 11
10 -1
6 10
6 -1
10 -1
11 -1
11 10
6 11
10 6
6 -1
10 -1
10 -1
10 9
7 10
9 -1
7 9
7 -1
9 -1
10 -1
10 9
7 10
9 7
7 -1
9 -1
9 -1
10 -1
10 -1
10 -1
11 -1
11 -1
11 -1
12 -1
8 12
9 8
8 -1
12 9
9 -1
12 8
8 -1
9 8
12 -1
12 9
8 12
8 -1
9 -1
9 -1
9 7
10 9
7 10
9 -1
7 9
7 -1
9 -1
10 -1
10 9
7 10
9 7
7 -1
9 -1
9 7
10 -1
10 -1
10 6
11 10
6 11
10 -1
6 10
6 -1
10 -1
11 -1
11 10
6 11
10 6
6 -1
6 8
10 -1
11 -1
11 -1
11 5
0 11
5 0
0 -1
11 -1
5 11
5 -1
11 -1
0 11
5 0
0 -1
0 -1
0 -1
11 5
5 -1
11 -1
11 -1
11 9
7 11
9 -1
7 9
7 -1
9 -1
11 -1
11 9
7 11
9 7
7 -1
9 -1
9 -1
9 6
6 -1
8 9
8 6
6 -1
8 -1
9 -1
9 6
8 9
6 8
6 -1
6 -1
8 -1
9 -1
9 -1
9 -1
11 -1
11 -1
11 -1
12 -1
10 12
6 10
10 -1
12 6
6 -1
12 10
10 -1
6 10
12 -1
12 6
6 -1
6 -1
6 8
9 6
6 -1
8 9
8 6
6 -1
8 -1
9 -1
9 6
8 9
6 8
6 -1
8 -1
6 8
9 -1
9 -1
9 7
10 12
10 -1
11 9
7 11
9 -1
7 9
7 -1
9 -1
11 -1
11 9
7 11
9 7
7 -1
9 -1
9 7
11 -1
11 -1
11 5
0 11
5 0
0 -1
11 -1
5 11
5 -1
11 -1
0 11
5 0
0 -1
0 -1
0 -1
11 5
5 -1
11 -1
11 -1
11 9
7 11
9 -1
7 9
7 -1
9 -1
11 -1
11 9
7 11
9 7
7 -1
9 -1
9 -1
9 6
6 -1
8 9
8 6
6 -1
8 -1
9 -1
9 6
8 9
6 8
6 -1
6 -1
8 -1
9 -1
9 -1
9 -1
11 -1
11 -1
11 -1
12 -1
10 12
6 10
10 -1
12 6
6 -1
12 10
10 -1
6 10
12 -1
12 6
6 -1
6 -1
6 8
9 6
6 -1
8 9
8 6
6 -1
8 -1
9 -1
9 6
8 9
6 8
6 -1
8 -1
9 -1
9 -1
9 7
10 12
10 -1
11 9
7 11
9 -1
7 9
7 -1
9 -1
11 -1
11 9
7 11
9 7
7 -1
9 -1
9 8
1 9
8 1
1 -1
9 -1
8 9
8 -1
9 -1
1 9
8 1
1 -1
1 -1
1 -1
9 8
8 -1
9 -1
9 -1
11 -1
11 -1
11 -1
7 11
3 7
7 -1
11 3
3 -1
11 7
7 -1
3 7
11 -1
11 3
3 -1
3 -1
3 -1
7 11
7 -1
7 10
9 7
7 -1
10 9
9 -1
10 7
7 -1
9 7
10 -1
10 9
7 10
7 -1
7 -1
9 -1
9 -1
9 -1
10 -1
11 -1
12 -1
11 12
7 11
11 -1
12 7
7 -1
12 11
11 -1
7 11
12 -1
12 7
7 -1
7 -1
7 10
9 7
7 -1
10 9
9 -1
10 7
7 -1
9 7
10 -1
10 9
7 10
7 -1
9 -1
9 -1
9 8
1 9
8 1
1 -1
9 -1
8 9
8 -1
9 -1
1 9
8 1
1 -1
1 -1
1 -1
9 8
8 -1
9 -1
9 -1
10 -1
7 10
9 7
7 -1
10 9
9 -1
10 7
7 -1
9 7
10 -1
10 9
7 10
7 -1
7 -1
9 -1
9 -1
9 -1
10 -1
11 12
11 -1
12 -1
11 12
7 11
11 -1
12 7
7 -1
12 11
11 -1
7 11
12 -1
12 7
7 -1
7 -1
7 10
9 7
7 -1
10 9
9 -1
10 7
7 -1
9 7
10 -1
10 9
7 10
7 -1
9 -1
9 -1
9 6
10 -1
10 8
1 10
8 1
1 -1
10 -1
8 10
8 -1
10 -1
1 10
8 1
1 -1
1 -1
1 -1
10 8
8 -1
10 -1
10 -1
11 12
11 -1
12 -1
11 12
10 11
11 -1
12 10
10 -1
12 11
11 -1
10 11
12 -1
12 10
10 -1
10 -1
10 8
1 10
8 1
1 -1
10 -1
8 10
8 -1
10 -1
1 10
8 1
1 -1
1 -1
1 -1
10 8
8 -1
7 8
10 -1
10 -1
11 12
11 -1
12 -1
11 12
10 11
11 -1
12 10
10 -1
12 11
11 -1
10 11
12 -1
12 10
10 -1
10 -1
10 5
0 10
5 0
0 -1
10 -1
5 10
5 -1
10 -1
0 10
5 0
0 -1
0 -1
0 -1
10 5
5 -1
10 -1
10 -1
10 9
6 10
9 -1
6 9
6 -1
9 -1
10 -1
10 9
6 10
9 6
6 -1
9 -1
9 -1
9 7
7 -1
8 9
8 7
7 -1
8 -1
9 -1
9 7
8 9
7 8
7 -1
7 -1
8 -1
9 -1
9 -1
9 -1
10 -1
10 -1
10 -1
11 12
11 -1
12 -1
11 12
7 11
11 -1
12 7
7 -1
12 11
11 -1
7 11
12 -1
12 7
7 -1
7 -1
7 8
9 7
7 -1
8 9
8 7
7 -1
8 -1
9 -1
9 7
8 9
7 8
7 -1
8 -1
7 8
9 -1
9 -1
9 6
10 9
6 10
9 -1
6 9
6 -1
9 -1
10 -1
10 9
6 10
9 6
6 -1
9 -1
9 6
10 -1
10 -1
10 5
0 10
5 0
0 -1
10 -1
5 10
5 -1
10 -1
0 10
5 0
0 -1
0 -1
0 -1
10 5
5 -1
10 -1
10 -1
10 9
6 10
9 -1
6 9
6 -1
9 -1
10 -1
10 9
6 10
9 6
6 -1
9 -1
9 -1
9 7
7 -1
8 9
8 7
7 -1
8 -1
9 -1
9 7
8 9
7 8
7 -1
7 -1
8 -1
9 -1
9 -1
9 -1
10 -1
10 -1
10 -1
11 12
11 -1
12 -1
11 12
7 11
11 -1
12 7
7 -1
12 11
11 -1
7 11
12 -1
12 7
7 -1
7 -1
7 8
9 7
7 -1
8 9
8 7
7 -1
8 -1
9 -1
9 7
8 9
7 8
7 -1
8 -1
7 8
9 -1
9 -1
9 6
10 9
6 10
9 -1
6 9
6 -1
9 -1
10 -1
10 9
6 10
9 6
6 -1
9 -1
9 5
0 9
5 0
0 -1
9 -1
5 9
5 -1
9 -1
0 9
5 0
0 -1
0 -1
0 -1
9 5
5 -1
9 -1
9 -1
9 7
7 -1
8 9
8 7
7 -1
8 -1
9 -1
9 7
8 9
7 8
7 -1
7 -1
8 -1
9 -1
9 -1
9 -1
10 -1
10 -1
6 10
7 6
6 -1
10 7
7 -1
10 6
6 -1
7 6
10 -1
10 7
6 10
6 -1
6 -1
7 -1
7 -1
7 -1
10 -1
11 12
11 -1
12 -1
11 12
6 11
11 -1
12 6
6 -1
12 11
11 -1
6 11
12 -1
12 6
6 -1
6 -1
6 10
7 6
6 -1
10 7
7 -1
10 6
6 -1
7 6
10 -1
10 7
6 10
6 -1
7 -1
7 -1
7 8
9 7
7 -1
8 9
8 7
7 -1
8 -1
9 -1
9 7
8 9
7 8
7 -1
8 -1
7 8
9 -1
9 -1
9 5
0 9
5 0
0 -1
9 -1
5 9
5 -1
9 -1
0 9
5 0
0 -1
9 5
9 -1
9 -1
9 7
7 -1
8 9
8 7
7 -1
8 -1
9 -1
9 7
8 9
7 8
7 -1
7 -1
8 -1
9 -1
9 -1
9 -1
10 -1
6 10
7 6
6 -1
10 7
7 -1
10 6
6 -1
7 6
10 -1
10 7
6 10
6 -1
6 -1
7 -1
7 -1
7 -1
10 -1
11 12
11 -1
12 -1
11 12
6 11
11 -1
12 6
6 -1
12 11
11 -1
6 11
12 -1
12 6
6 -1
6 -1
6 10
7 6
6 -1
10 7
7 -1
10 6
6 -1
7 6
10 -1
10 7
6 10
7 -1
7 -1
7 8
9 7
7 -1
8 9
8 7
7 -1
8 -1
9 -1
9 7
8 9
7 8
8 -1
8 4
8 -1
9 -1
11 12
12 -1
8 12
3 8
8 -1
12 3
3 -1
12 8
8 -1
3 8
12 -1
12 3
3 -1
8 12
8 -1
12 -1
8 12
2 8
8 -1
12 2
2 -1
12 8
8 -1
2 8
12 -1
12 2
2 -1
8 12
8 -1
12 -1
8 12
1 8
8 -1
12 1
1 -1
12 8
8 -1
1 8
12 -1
12 1
1 -1
8 12
12 -1
12 4
12 3
12 2
12 1