12
0 -1
1 -1
1 0
2 -1
3 -1
4 -1
5 -1
6 -1
7 -1
8 -1
9 -1
9 -1
9 1
0 9
1 -1
0 1
0 -1
1 -1
9 -1
9 1
0 9
1 0
0 1
1 -1
9 -1
9 -1
9 2
10 -1
10 -1
10 9
2 10
9 -1
2 9
2 -1
9 -1
10 -1
10 9
2 10
9 2
2 -1
2 1
9 -1
9 -1
9 2
1 9
2 -1
1 2
1 -1
2 -1
9 -1
9 2
1 9
2 1
1 2
2 -1
9 -1
9 -1
10 -1
10 -1
10 3
11 -1
11 -1
11 10
3 11
10 -1
3 10
3 -1
10 -1
11 -1
11 10
3 11
10 3
3 -1
9 3
10 -1
10 -1
10 9
3 10
9 -1
3 9
3 -1
9 -1
10 -1
10 9
3 10
9 3
3 -1
3 2
9 -1
9 -1
9 3
2 9
3 -1
2 3
2 -1
3 -1
9 -1
9 3
2 9
3 2
2 3
3 -1
9 -1
9 -1
10 -1
10 -1
10 4
11 -1
11 -1
11 -1
11 10
4 11
10 -1
4 10
4 -1
10 -1
11 -1
11 10
4 11
10 4
4 -1
9 4
10 -1
10 -1
10 9
4 10
9 -1
4 9
4 -1
9 -1
10 -1
10 9
4 10
9 4
4 -1
4 3
9 -1
9 -1
9 4
3 9
4 -1
3 4
3 -1
4 -1
9 -1
9 4
3 9
4 3
3 4
4 -1
9 -1
9 -1
10 -1
10 -1
10 5
11 -1
11 -1
11 -1
11 10
5 11
10 -1
5 10
5 -1
10 -1
11 -1
11 10
5 11
10 5
5 -1
9 5
10 -1
10 -1
10 9
5 10
9 -1
5 9
5 -1
9 -1
10 -1
10 9
5 10
9 5
5 -1
5 4
9 -1
9 -1
9 5
4 9
5 -1
4 5
4 -1
5 -1
9 -1
9 5
4 9
5 4
4 5
5 -1
9 -1
9 -1
10 -1
10 -1
10 6
11 -1
11 -1
11 -1
11 10
6 11
10 -1
6 10
6 -1
10 -1
11 -1
11 10
6 11
10 6
6 -1
9 6
10 -1
10 -1
10 9
6 10
9 -1
6 9
6 -1
9 -1
10 -1
10 9
6 10
9 6
6 -1
6 5
9 -1
9 -1
9 6
5 9
6 -1
5 6
5 -1
6 -1
9 -1
9 6
5 9
6 5
5 6
6 -1
9 -1
9 -1
10 -1
10 -1
10 7
11 -1
11 -1
11 -1
11 10
7 11
10 -1
7 10
7 -1
10 -1
11 -1
11 10
7 11
10 7
7 -1
9 7
10 -1
10 -1
10 9
7 10
9 -1
7 9
7 -1
9 -1
10 -1
10 9
7 10
9 7
7 -1
7 6
9 -1
9 -1
9 7
6 9
7 -1
6 7
6 -1
7 -1
9 -1
9 7
6 9
7 6
6 7
9 -1
9 -1
10 -1
10 -1
10 8
11 -1
11 -1
11 -1
11 10
8 11
10 -1
8 10
8 -1
10 -1
11 -1
11 10
8 11
10 8
8 -1
9 8
10 -1
10 -1
10 9
8 10
9 -1
8 9
8 -1
9 -1
10 -1
10 9
8 10
9 8
10 -1
11 -1
10 11