11
0 -1
0 -1
0 -1
1 -1
1 -1
1 -1
2 -1
2 -1
2 -1
3 -1
3 -1
4 -1
4 -1
5 -1
5 -1
5 -1
6 -1
6 -1
7 -1
6 7
5 6
6 -1
7 5
5 -1
7 6
6 -1
5 6
7 -1
7 5
5 -1
5 -1
5 -1
6 7
6 -1
6 -1
7 -1
8 -1
4 8
6 4
4 -1
8 6
6 -1
8 4
4 -1
6 4
8 -1
8 6
4 8
4 -1
4 -1
6 -1
6 -1
6 -1
8 -1
9 -1
10 -1
10 -1
9 10
4 9
9 -1
10 4
4 -1
10 9
9 -1
4 9
10 -1
10 4
4 -1
4 -1
4 8
6 4
4 -1
8 6
6 -1
8 4
4 -1
6 4
8 -1
8 6
4 8
4 -1
6 -1
6 -1
6 7
5 6
6 -1
7 5
5 -1
7 6
6 -1
5 6
7 -1
7 5
5 -1
5 -1
6 7
6 -1
6 -1
7 -1
8 -1
4 8
6 4
4 -1
8 6
6 -1
8 4
4 -1
6 4
8 -1
8 6
4 8
4 -1
4 -1
6 -1
6 -1
6 -1
8 -1
9 10
9 -1
10 -1
9 10
4 9
9 -1
10 4
4 -1
10 9
9 -1
4 9
10 -1
10 4
4 -1
4 -1
4 8
6 4
4 -1
8 6
6 -1
8 4
4 -1
6 4
8 -1
8 6
4 8
4 -1
4 -1
6 -1
6 -1
6 7
0 6
6 -1
7 0
0 -1
7 6
6 -1
0 6
7 -1
7 0
0 -1
0 -1
0 -1
6 7
6 -1
6 -1
7 -1
8 -1
5 8
6 5
5 -1
8 6
6 -1
8 5
5 -1
6 5
8 -1
8 6
5 8
5 -1
5 -1
6 -1
6 -1
6 -1
8 -1
9 10
9 -1
10 -1
9 10
5 9
9 -1
10 5
5 -1
10 9
9 -1
5 9
10 -1
10 5
5 -1
5 -1
5 8
6 5
5 -1
8 6
6 -1
8 5
5 -1
6 5
8 -1
8 6
5 8
5 -1
6 -1
6 -1
6 7
0 6
6 -1
7 0
0 -1
7 6
6 -1
0 6
7 -1
7 0
0 -1
0 -1
0 -1
6 7
6 -1
6 -1
7 -1
7 -1
8 -1
5 8
6 5
5 -1
8 6
6 -1
8 5
5 -1
6 5
8 -1
8 6
5 8
5 -1
5 -1
6 -1
6 -1
6 -1
8 -1
9 10
9 -1
10 -1
9 10
5 9
9 -1
10 5
5 -1
10 9
9 -1
5 9
10 -1
10 5
5 -1
5 -1
5 8
6 5
5 -1
8 6
6 -1
8 5
5 -1
6 5
8 -1
8 6
5 8
5 -1
6 -1
6 -1
6 -1
8 -1
9 10
9 -1
8 9
10 -1
10 7
3 10
7 3
3 -1
10 -1
7 10
7 -1
10 -1
3 10
7 3
3 -1
3 -1
3 -1
10 7
7 -1
10 -1
10 -1
10 8
8 -1
9 10
9 8
8 -1
9 -1
10 -1
10 8
9 10
8 9
8 -1
9 -1
8 9
10 -1
10 -1
10 7
3 10
7 3
3 -1
10 -1
7 10
7 -1
10 -1
3 10
7 3
3 -1
3 -1
3 -1
10 7
7 -1
10 -1
10 -1
10 8
8 -1
9 10
9 8
8 -1
9 -1
10 -1
10 8
9 10
8 9
8 -1
8 -1
9 -1
7 9
4 7
7 -1
9 4
4 -1
9 7
7 -1
4 7
9 -1
9 4
4 -1
4 -1
4 -1
7 9
7 -1
9 -1
8 9
4 8
8 -1
9 4
4 -1
9 8
8 -1
4 8
9 -1
9 4
4 -1
4 -1
8 9
8 -1
9 -1
9 7
0 9
7 0
0 -1
9 -1
7 9
7 -1
9 -1
0 9
7 0
0 -1
0 -1
0 -1
9 7
7 -1
9 -1
9 -1
10 -1
10 -1
8 10
9 8
8 -1
10 9
9 -1
10 8
8 -1
9 8
10 -1
10 9
8 10
8 -1
9 -1
9 -1
9 7
0 9
7 0
0 -1
9 -1
7 9
7 -1
9 -1
0 9
7 0
0 -1
0 -1
0 -1
9 7
7 -1
5 7
6 5
5 -1
7 6
6 -1
7 5
5 -1
6 5
7 -1
7 6
5 7
5 -1
5 -1
6 -1
6 -1
6 -1
7 -1
9 -1
9 -1
10 -1
8 10
9 8
8 -1
10 9
9 -1
10 8
8 -1
9 8
10 -1
10 9
8 10
8 -1
4 8
5 4
4 -1
8 5
5 -1
8 4
4 -1
5 4
8 -1
8 5
4 8
4 -1
4 -1
5 -1
5 -1
5 -1
8 -1
9 -1
9 -1
9 -1
10 -1
9 10
4 9
9 -1
10 4
4 -1
10 9
9 -1
4 9
10 -1
10 4
4 -1
4 -1
4 8
5 4
4 -1
8 5
5 -1
8 4
4 -1
5 4
8 -1
8 5
4 8
4 -1
5 -1
5 -1
5 7
6 5
5 -1
7 6
6 -1
7 5
5 -1
6 5
7 -1
7 6
5 7
5 -1
5 -1
6 -1
6 -1
7 -1
6 7
8 -1
4 8
5 4
4 -1
8 5
5 -1
8 4
4 -1
5 4
8 -1
8 5
4 8
4 -1
4 -1
5 -1
5 -1
5 -1
8 -1
9 10
9 -1
10 -1
9 10
4 9
9 -1
10 4
4 -1
10 9
9 -1
4 9
10 -1
10 4
4 -1
4 -1
4 8
5 4
4 -1
8 5
5 -1
8 4
4 -1
5 4
8 -1
8 5
4 8
4 -1
5 -1
5 -1
5 -1
5 6
6 -1
7 5
5 -1
7 6
6 -1
5 6
7 -1
7 5
5 -1
5 -1
5 -1
6 7
6 -1
6 -1
7 -1
8 -1
4 8
6 4
4 -1
8 6
6 -1
8 4
4 -1
6 4
8 -1
8 6
4 8
4 -1
4 -1
6 -1
6 -1
6 -1
8 -1
9 10
9 -1
10 -1
9 10
4 9
9 -1
10 4
4 -1
10 9
9 -1
4 9
10 -1
10 4
4 -1
4 -1
4 8
6 4
4 -1
8 6
6 -1
8 4
4 -1
6 4
8 -1
8 6
4 8
4 -1
6 -1
6 -1
6 7
5 6
6 -1
7 5
5 -1
7 6
6 -1
5 6
7 -1
7 5
5 -1
5 -1
5 -1
6 7
6 -1
6 -1
7 -1
8 -1
4 8
6 4
4 -1
8 6
6 -1
8 4
4 -1
6 4
8 -1
8 6
4 8
4 -1
4 -1
6 -1
6 -1
6 -1
8 -1
9 10
9 -1
10 -1
9 10
4 9
9 -1
10 4
4 -1
10 9
9 -1
4 9
10 -1
10 4
4 -1
4 -1
4 8
6 4
4 -1
8 6
6 -1
8 4
4 -1
6 4
8 -1
8 6
4 8
6 -1
6 -1
6 -1
8 -1
9 10
9 -1
7 9
3 7
7 -1
9 3
3 -1
9 7
7 -1
3 7
9 -1
9 3
3 -1
7 9
7 -1
9 -1
7 9
1 7
7 -1
9 1
1 -1
9 7
7 -1
1 7
9 -1
9 1
1 -1
1 -1
1 -1
7 9
7 -1
9 -1
8 9
10 -1
10 7
1 10
7 1
1 -1
10 -1
7 10
7 -1
10 -1
1 10
7 1
1 -1
1 -1
1 -1
10 7
7 -1
10 -1
10 -1
10 8
8 -1
9 10
9 8
8 -1
9 -1
10 -1
10 8
9 10
8 9
8 -1
9 -1
8 9
10 -1
10 -1
10 7
1 10
7 1
1 -1
10 -1
7 10
7 -1
10 -1
1 10
7 1
1 -1
10 7
7 -1
10 -1
10 -1
10 8
8 -1
9 10
9 8
8 -1
9 -1
10 -1
10 8
9 10
8 9
8 -1
7 8
6 7
7 -1
8 6
6 -1
8 7
7 -1
6 7
8 -1
8 6
6 -1
6 -1
6 -1
7 8
7 -1
7 -1
8 -1
9 -1
10 -1
10 -1
9 10
5 9
9 -1
10 5
5 -1
10 9
9 -1
5 9
10 -1
10 5
5 -1
9 10
9 -1
10 -1
9 10
7 9
9 -1
10 7
7 -1
10 9
9 -1
7 9
10 -1
10 7
7 -1
7 -1
7 8
6 7
7 -1
8 6
6 -1
8 7
7 -1
6 7
8 -1
8 6
6 -1
7 8
7 -1
7 -1
8 -1
9 10
9 -1
10 -1
9 10
7 9
9 -1
10 7
7 -1
10 9
9 -1
7 9
10 -1
10 7
7 -1
7 -1
7 8
2 7
7 -1
8 2
2 -1
8 7
7 -1
2 7
8 -1
8 2
2 -1
2 -1
2 -1
7 8
7 -1
7 -1
8 -1
9 10
9 -1
10 -1
9 10
7 9
9 -1
10 7
7 -1
10 9
9 -1
7 9
10 -1
10 7
7 -1
7 -1
7 8
2 7
7 -1
8 2
2 -1
8 7
7 -1
2 7
8 -1
8 2
2 -1
7 8
7 -1
7 -1
8 -1
9 10
9 -1
10 -1
9 10
7 9
9 -1
10 7
7 -1
10 9
9 -1
7 9
10 -1
10 7
7 -1
7 -1
7 8
0 7
7 -1
8 0
0 -1
8 7
7 -1
0 7
8 -1
8 0
0 -1
0 -1
0 -1
7 8
7 -1
7 -1
8 -1
9 10
9 -1
10 -1
9 10
7 9
9 -1
10 7
7 -1
10 9
9 -1
7 9
10 -1
10 7
7 -1
7 -1
7 8
0 7
7 -1
8 0
0 -1
8 7
7 -1
0 7
8 -1
8 0
0 -1
7 8
7 -1
7 -1
9 10
9 -1
10 -1
9 10
7 9
9 -1
10 7
7 -1
10 9
9 -1
7 9
10 -1
10 7
7 -1
9 10