11
2 -1
2 -1
3 -1
3 -1
4 0
4 -1
5 -1
6 -1
7 -1
5 7
8 -1
9 -1
10 0
10 -1
10 4
3 10
4 3
3 -1
10 -1
4 10
4 -1
10 -1
3 10
4 3
3 -1
3 -1
3 -1
10 4
4 -1
10 -1
10 -1
10 5
5 -1
7 10
7 5
5 -1
7 -1
10 -1
10 5
7 10
5 7
5 -1
7 -1
5 7
10 -1
10 -1
10 4
3 10
4 3
3 -1
10 -1
4 10
4 -1
10 -1
3 10
4 3
3 -1
3 -1
3 -1
10 4
4 -1
10 -1
10 -1
10 5
5 -1
7 10
7 5
5 -1
7 -1
10 -1
10 5
7 10
5 7
5 -1
7 -1
5 7
10 -1
10 -1
10 4
2 10
4 2
2 -1
10 -1
4 10
4 -1
10 -1
2 10
4 2
2 -1
2 -1
2 -1
10 4
4 -1
10 -1
10 -1
10 5
5 -1
7 10
7 5
5 -1
7 -1
10 -1
10 5
7 10
5 7
5 -1
7 -1
5 7
10 -1
10 -1
10 4
2 10
4 2
2 -1
10 -1
4 10
4 -1
10 -1
2 10
4 2
2 -1
2 -1
10 4
4 -1
8 4
3 8
4 3
3 -1
8 -1
4 8
4 -1
8 -1
3 8
4 3
3 -1
3 -1
3 -1
8 4
4 -1
8 -1
8 -1
10 -1
10 -1
10 5
5 -1
7 10
7 5
5 -1
7 -1
10 -1
10 5
7 10
5 7
5 -1
6 5
7 1
1 -1
1 -1
7 0
7 -1
7 -1
2 7
8 6
5 8
6 -1
5 6
5 -1
6 -1
8 -1
8 6
5 8
6 5
5 -1
6 -1
6 -1
6 2
2 -1
7 6
6 -1
7 2
2 -1
6 2
7 -1
7 6
2 7
2 -1
2 -1
6 -1
6 -1
6 -1
7 -1
8 -1
8 -1
8 -1
10 -1
10 -1
9 10
2 9
9 -1
10 2
2 -1
10 9
9 -1
2 9
10 -1
10 2
2 -1
2 -1
2 7
6 2
2 -1
7 6
6 -1
7 2
2 -1
6 2
7 -1
7 6
2 7
2 -1
6 -1
6 -1
6 5
7 -1
2 7
8 6
5 8
6 -1
5 6
5 -1
6 -1
8 -1
8 6
5 8
6 5
5 -1
6 -1
6 5
8 -1
8 -1
8 4
3 8
4 3
3 -1
8 -1
4 8
4 -1
8 -1
3 8
4 3
3 -1
3 -1
3 -1
8 4
4 -1
8 -1
8 -1
8 6
5 8
6 -1
5 6
5 -1
6 -1
8 -1
8 6
5 8
6 5
5 -1
6 -1
6 -1
6 2
2 -1
7 6
6 -1
7 2
2 -1
6 2
7 -1
7 6
2 7
2 -1
2 -1
6 -1
6 -1
6 -1
7 -1
8 -1
8 -1
8 -1
9 10
9 -1
10 -1
9 10
2 9
9 -1
10 2
2 -1
10 9
9 -1
2 9
10 -1
10 2
2 -1
2 -1
2 7
6 2
2 -1
7 6
6 -1
7 2
2 -1
6 2
7 -1
7 6
2 7
2 -1
6 -1
6 -1
6 5
7 -1
8 6
5 8
6 -1
5 6
5 -1
6 -1
8 -1
8 6
5 8
6 5
5 -1
5 7
6 -1
6 4
3 6
4 3
3 -1
6 -1
4 6
4 -1
6 -1
3 6
4 3
3 -1
3 -1
3 -1
6 4
4 -1
6 -1
6 -1
6 5
5 -1
7 6
6 -1
7 5
5 -1
6 5
7 -1
7 6
5 7
5 -1
5 -1
6 -1
6 -1
6 -1
7 -1
8 -1
8 -1
2 8
5 2
2 -1
8 5
5 -1
8 2
2 -1
5 2
8 -1
8 5
2 8
2 -1
2 -1
5 -1
5 -1
5 -1
8 -1
9 10
9 -1
10 -1
9 10
2 9
9 -1
10 2
2 -1
10 9
9 -1
2 9
10 -1
10 2
2 -1
2 -1
2 8
5 2
2 -1
8 5
5 -1
8 2
2 -1
5 2
8 -1
8 5
2 8
2 -1
5 -1
5 -1
5 7
6 5
5 -1
7 6
6 -1
7 5
5 -1
6 5
7 -1
7 6
5 7
5 -1
6 -1
6 -1
6 4
3 6
4 3
3 -1
6 -1
4 6
4 -1
6 -1
3 6
4 3
3 -1
3 -1
3 -1
6 4
4 -1
6 -1
6 -1
7 -1
5 7
6 5
5 -1
7 6
6 -1
7 5
5 -1
6 5
7 -1
7 6
5 7
5 -1
5 -1
6 -1
6 -1
6 -1
7 -1
8 -1
2 8
5 2
2 -1
8 5
5 -1
8 2
2 -1
5 2
8 -1
8 5
2 8
2 -1
2 -1
5 -1
5 -1
5 -1
8 -1
9 10
9 -1
10 -1
9 10
2 9
9 -1
10 2
2 -1
10 9
9 -1
2 9
10 -1
10 2
2 -1
2 -1
2 8
5 2
2 -1
8 5
5 -1
8 2
2 -1
5 2
8 -1
8 5
2 8
2 -1
2 -1
5 -1
5 -1
5 7
6 5
5 -1
7 6
6 -1
7 5
5 -1
6 5
7 -1
7 6
5 7
5 -1
6 -1
6 -1
7 -1
8 -1
9 10
9 -1
9 4
1 9
4 1
1 -1
9 -1
4 9
4 -1
9 -1
1 9
4 1
1 -1
1 -1
1 -1
9 4
4 -1
9 -1
9 -1
10 -1
7 10
9 7
7 -1
10 9
9 -1
10 7
7 -1
9 7
10 -1
10 9
7 10
7 -1
9 -1
9 -1
9 4
1 9
4 1
1 -1
9 -1
4 9
4 -1
9 -1
1 9
4 1
1 -1
1 -1
1 -1
9 4
4 -1
9 -1
9 -1
10 -1
7 10
9 7
7 -1
10 9
9 -1
10 7
7 -1
9 7
10 -1
10 9
7 10
7 -1
6 7
9 -1
9 -1
9 4
2 9
4 2
2 -1
9 -1
4 9
4 -1
9 -1
2 9
4 2
2 -1
2 -1
2 -1
9 4
4 -1
9 -1
9 -1
9 6
6 -1
7 9
7 6
6 -1
7 -1
9 -1
9 6
7 9
6 7
6 -1
6 -1
7 -1
9 -1
9 -1
9 -1
10 -1
8 10
6 8
8 -1
10 6
6 -1
10 8
8 -1
6 8
10 -1
10 6
6 -1
6 -1
6 7
8 10
8 -1
9 6
6 -1
7 9
7 6
6 -1
7 -1
9 -1
9 6
7 9
6 7
6 -1
7 -1
6 7
9 -1
9 -1
9 4
2 9
4 2
2 -1
9 -1
4 9
4 -1
9 -1
2 9
4 2
2 -1
2 -1
2 -1
9 4
4 -1
9 -1
9 -1
9 6
6 -1
7 9
7 6
6 -1
7 -1
9 -1
9 6
7 9
6 7
6 -1
6 -1
7 -1
9 -1
9 -1
9 -1
10 -1
8 10
6 8
8 -1
10 6
6 -1
10 8
8 -1
6 8
10 -1
10 6
6 -1
6 -1
6 7
8 10
8 -1
9 6
6 -1
7 9
7 6
6 -1
7 -1
9 -1
9 6
7 9
6 7
6 -1
7 -1
9 -1
9 -1
9 5
3 9
5 3
3 -1
9 -1
5 9
5 -1
9 -1
3 9
5 3
3 -1
3 -1
3 -1
9 5
5 -1
9 -1
9 -1
10 -1
7 10
9 7
7 -1
10 9
9 -1
10 7
7 -1
9 7
10 -1
10 9
7 10
7 -1
9 -1
9 -1
9 5
3 9
5 3
3 -1
9 -1
5 9
5 -1
9 -1
3 9
5 3
3 -1
3 -1
3 -1
9 5
5 -1
9 -1
9 -1
10 -1
7 10
9 7
7 -1
10 9
9 -1
10 7
7 -1
9 7
10 -1
10 9
7 10
7 -1
9 -1
9 -1
9 5
2 9
5 2
2 -1
9 -1
5 9
5 -1
9 -1
2 9
5 2
2 -1
2 -1
2 -1
9 5
5 -1
9 -1
9 -1
10 -1
7 10
9 7
7 -1
10 9
9 -1
10 7
7 -1
9 7
10 -1
10 9
7 10
7 -1
9 -1
9 -1
9 5
2 9
5 2
2 -1
9 -1
5 9
5 -1
9 -1
2 9
5 2
2 -1
2 -1
9 5
5 -1
5 6
9 -1
9 -1
10 -1
7 10
9 7
7 -1
10 9
9 -1
10 7
7 -1
9 7
10 -1
10 9
7 10
7 -1
2 7
9 -1
9 -1
9 4
3 9
4 3
3 -1
9 -1
4 9
4 -1
9 -1
3 9
4 3
3 -1
3 -1
3 -1
9 4
4 -1
9 -1
9 -1
9 5
5 -1
6 9
6 5
5 -1
6 -1
9 -1
9 5
6 9
5 6
5 -1
5 -1
5 2
2 -1
6 -1
7 5
5 -1
7 2
2 -1
5 2
7 -1
7 5
2 7
2 -1
2 -1
5 -1
5 -1
5 -1
7 -1
9 -1
9 -1
9 -1
10 -1
8 10
2 8
8 -1
10 2
2 -1
10 8
8 -1
2 8
10 -1
10 2
2 -1
2 -1
2 7
5 2
2 -1
7 5
5 -1
7 2
2 -1
5 2
7 -1
7 5
2 7
2 -1
5 -1
5 -1
5 6
7 -1
2 7
8 10
8 -1
9 5
5 -1
6 9
6 5
5 -1
6 -1
9 -1
9 5
6 9
5 6
5 -1
6 -1
5 6
9 -1
9 -1
9 4
3 9
4 3
3 -1
9 -1
4 9
4 -1
9 -1
3 9
4 3
3 -1
3 -1
3 -1
9 4
4 -1
9 -1
9 -1
9 5
5 -1
6 9
6 5
5 -1
6 -1
9 -1
9 5
6 9
5 6
5 -1
5 -1
5 2
2 -1
6 -1
7 5
5 -1
7 2
2 -1
5 2
7 -1
7 5
2 7
2 -1
2 -1
5 -1
5 -1
5 -1
7 -1
9 -1
9 -1
9 -1
10 -1
8 10
2 8
8 -1
10 2
2 -1
10 8
8 -1
2 8
10 -1
10 2
2 -1
2 -1
2 7
5 2
2 -1
7 5
5 -1
7 2
2 -1
5 2
7 -1
7 5
2 7
2 -1
2 -1
5 -1
5 -1
5 6
7 -1
8 10
8 -1
7 8
2 7
7 -1
8 2
2 -1
8 7
7 -1
2 7
8 -1
8 2
2 -1
2 -1
7 8
7 -1
8 -1
7 8
9 5
5 -1
6 9
6 5
5 -1
6 -1
9 -1
9 5
6 9
5 6
5 -1
6 -1
9 -1
9 -1
9 6
10 -1
10 5
3 10
5 3
3 -1
10 -1
5 10
5 -1
10 -1
3 10
5 3
3 -1
3 -1
3 -1
10 5
5 -1
10 -1
10 -1
10 9
6 10
9 -1
6 9
6 -1
9 -1
10 -1
10 9
6 10
9 6
6 -1
9 -1
9 -1
9 7
7 -1
8 9
8 7
7 -1
8 -1
9 -1
9 7
8 9
7 8
7 -1
8 -1
7 8
9 -1
9 -1
9 6
10 -1
10 -1
10 -1
10 9
6 10
9 -1
6 9
6 -1
9 -1
10 -1
10 9
6 10
9 6
6 -1
9 -1
9 6
10 -1
10 -1
10 5
3 10
5 3
3 -1
10 -1
5 10
5 -1
10 -1
3 10
5 3
3 -1
3 -1
3 -1
10 5
5 -1
10 -1
10 -1
10 9
6 10
9 -1
6 9
6 -1
9 -1
10 -1
10 9
6 10
9 6
6 -1
9 -1
9 -1
9 7
7 -1
8 9
8 7
7 -1
8 -1
9 -1
9 7
8 9
7 8
7 -1
8 -1
8 5
9 -1
9 -1
9 6
10 -1
10 -1
10 -1
10 9
6 10
9 -1
6 9
6 -1
9 -1
10 -1
10 9
6 10
9 6
6 -1
6 -1
9 -1
6 9
3 6
6 -1
9 3
3 -1
9 6
6 -1
3 6
9 -1
9 3
3 -1
3 -1
3 -1
6 9
6 -1
2 6
9 -1
9 4
3 9
4 3
3 -1
9 -1
4 9
4 -1
9 -1
3 9
4 3
3 -1
3 -1
3 -1
9 4
4 -1
9 -1
9 -1
9 8
5 9
8 -1
5 8
5 -1
8 -1
9 -1
9 8
5 9
8 5
5 -1
8 -1
8 -1
8 2
2 -1
6 8
6 2
2 -1
6 -1
8 -1
8 2
6 8
2 6
2 -1
2 -1
6 -1
8 -1
8 -1
8 -1
9 -1
9 -1
9 -1
10 -1
10 -1
7 10
2 7
7 -1
10 2
2 -1
10 7
7 -1
2 7
10 -1
10 2
2 -1
2 -1
2 6
7 10
7 -1
8 2
2 -1
6 8
6 2
2 -1
6 -1
8 -1
8 2
6 8
2 6
2 -1
6 -1
2 6
8 -1
8 -1
8 5
9 8
5 9
8 -1
5 8
5 -1
8 -1
9 -1
9 8
5 9
8 5
5 -1
8 -1
8 5
9 -1
9 -1
9 4
3 9
4 3
3 -1
9 -1
4 9
4 -1
9 -1
3 9
4 3
3 -1
3 -1
3 -1
9 4
4 -1
4 -1
9 -1
9 -1
9 8
5 9
8 -1
5 8
5 -1
8 -1
9 -1
9 8
5 9
8 5
5 -1
8 -1
8 -1
8 2
2 -1
6 8
6 2
2 -1
6 -1
8 -1
8 2
6 8
2 6
2 -1
2 -1
6 -1
8 -1
8 -1
8 -1
9 -1
9 -1
9 -1
10 -1
7 10
2 7
7 -1
10 2
2 -1
10 7
7 -1
2 7
10 -1
10 2
2 -1
2 -1
2 6
7 10
7 -1
7 -1
8 2
2 -1
6 8
6 2
2 -1
6 -1
8 -1
8 2
6 8
2 6
2 -1
2 -1
6 -1
6 7
3 6
6 -1
7 3
3 -1
7 6
6 -1
3 6
7 -1
7 3
3 -1
3 -1
3 -1
6 7
6 -1
7 -1
8 -1
8 -1
8 5
9 8
5 9
8 -1
5 8
5 -1
8 -1
9 -1
9 8
5 9
8 5
5 -1
8 -1
9 -1
9 -1
9 4
3 9
4 3
3 -1
9 -1
4 9
4 -1
9 -1
3 9
4 3
3 -1
3 -1
3 -1
9 4
4 -1
9 -1
9 -1
10 -1
5 10
9 5
5 -1
10 9
9 -1
10 5
5 -1
9 5
10 -1
10 9
5 10
5 -1
9 -1
9 -1
9 4
3 9
4 3
3 -1
9 -1
4 9
4 -1
9 -1
3 9
4 3
3 -1
3 -1
3 -1
9 4
4 -1
9 -1
9 -1
10 -1
5 10
9 5
5 -1
10 9
9 -1
10 5
5 -1
9 5
10 -1
10 9
5 10
5 -1
9 -1
9 -1
9 4
2 9
4 2
2 -1
9 -1
4 9
4 -1
9 -1
2 9
4 2
2 -1
2 -1
2 -1
9 4
4 -1
9 -1
9 -1
10 -1
5 10
9 5
5 -1
10 9
9 -1
10 5
5 -1
9 5
10 -1
10 9
5 10
5 -1
9 -1
9 -1
9 4
2 9
4 2
2 -1
9 -1
4 9
4 -1
9 -1
2 9
4 2
2 -1
2 -1
2 7
9 4
4 -1
8 4
3 8
4 3
3 -1
8 -1
4 8
4 -1
8 -1
3 8
4 3
3 -1
3 -1
3 -1
8 4
4 -1
8 -1
8 -1
9 -1
9 -1
10 -1
5 10
9 5
5 -1
10 9
9 -1
10 5
5 -1
9 5
10 -1
10 9
5 10
5 -1
6 5
8 6
5 8
6 -1
5 6
5 -1
6 -1
8 -1
8 6
5 8
6 5
5 -1
6 -1
6 -1
6 2
2 -1
7 6
6 -1
7 2
2 -1
6 2
7 -1
7 6
2 7
2 -1
2 -1
6 -1
6 -1
6 -1
7 -1
8 -1
8 -1
8 -1
9 -1
9 -1
10 -1
10 -1
9 10
2 9
9 -1
10 2
2 -1
10 9
9 -1
2 9
10 -1
10 2
2 -1
2 -1
2 7
6 2
2 -1
7 6
6 -1
7 2
2 -1
6 2
7 -1
7 6
2 7
2 -1
6 -1
6 -1
6 5
7 -1
2 7
8 6
5 8
6 -1
5 6
5 -1
6 -1
8 -1
8 6
5 8
6 5
5 -1
6 -1
6 5
8 -1
8 -1
8 4
3 8
4 3
3 -1
8 -1
4 8
4 -1
8 -1
3 8
4 3
3 -1
3 -1
3 -1
8 4
4 -1
8 -1
8 -1
8 6
5 8
6 -1
5 6
5 -1
6 -1
8 -1
8 6
5 8
6 5
5 -1
6 -1
6 -1
6 2
2 -1
7 6
6 -1
7 2
2 -1
6 2
7 -1
7 6
2 7
2 -1
2 -1
6 -1
6 -1
6 -1
7 -1
8 -1
8 -1
8 -1
9 10
9 -1
10 -1
9 10
2 9
9 -1
10 2
2 -1
10 9
9 -1
2 9
10 -1
10 2
2 -1
2 -1
2 7
6 2
2 -1
7 6
6 -1
7 2
2 -1
6 2
7 -1
7 6
2 7
2 -1
6 -1
6 -1
6 5
7 -1
8 6
5 8
6 -1
5 6
5 -1
6 -1
8 -1
8 6
5 8
6 5
5 -1
6 -1
8 -1
8 -1
2 8
9 10
9 -1
9 4
1 9
4 1
1 -1
9 -1
4 9
4 -1
9 -1
1 9
4 1
1 -1
1 -1
1 -1
9 4
4 -1
9 -1
9 -1
10 -1
7 10
9 7
7 -1
10 9
9 -1
10 7
7 -1
9 7
10 -1
10 9
7 10
7 -1
9 -1
9 -1
9 4
1 9
4 1
1 -1
9 -1
4 9
4 -1
9 -1
1 9
4 1
1 -1
1 -1
1 -1
9 4
4 -1
6 4
3 6
4 3
3 -1
6 -1
4 6
4 -1
6 -1
3 6
4 3
3 -1
3 -1
3 -1
6 4
4 -1
6 -1
6 -1
9 -1
9 -1
10 -1
7 10
9 7
7 -1
10 9
9 -1
10 7
7 -1
9 7
10 -1
10 9
7 10
7 -1
5 7
6 5
5 -1
7 6
6 -1
7 5
5 -1
6 5
7 -1
7 6
5 7
5 -1
5 -1
5 2
2 -1
6 -1
6 -1
6 -1
7 -1
8 5
5 -1
8 2
2 -1
5 2
8 -1
8 5
2 8
2 -1
2 -1
5 -1
5 -1
5 -1
8 -1
9 -1
9 -1
10 -1
9 10
2 9
9 -1
10 2
2 -1
10 9
9 -1
2 9
10 -1
10 2
2 -1
2 -1
2 8
5 2
2 -1
8 5
5 -1
8 2
2 -1
5 2
8 -1
8 5
2 8
2 -1
5 -1
5 -1
5 7
6 5
5 -1
7 6
6 -1
7 5
5 -1
6 5
7 -1
7 6
5 7
5 -1
6 -1
6 -1
6 4
3 6
4 3
3 -1
6 -1
4 6
4 -1
6 -1
3 6
4 3
3 -1
3 -1
3 -1
6 4
4 -1
6 -1
6 -1
7 -1
5 7
6 5
5 -1
7 6
6 -1
7 5
5 -1
6 5
7 -1
7 6
5 7
5 -1
5 -1
6 -1
6 -1
6 -1
7 -1
8 -1
2 8
5 2
2 -1
8 5
5 -1
8 2
2 -1
5 2
8 -1
8 5
2 8
2 -1
2 -1
5 -1
5 -1
5 -1
8 -1
9 10
9 -1
10 -1
9 10
2 9
9 -1
10 2
2 -1
10 9
9 -1
2 9
10 -1
10 2
2 -1
2 -1
2 8
5 2
2 -1
8 5
5 -1
8 2
2 -1
5 2
8 -1
8 5
2 8
2 -1
2 -1
5 -1
5 -1
5 7
6 5
5 -1
7 6
6 -1
7 5
5 -1
6 5
7 -1
7 6
5 7
5 -1
6 -1
6 -1
7 -1
6 7
8 -1
9 10
9 -1
9 4
2 9
4 2
2 -1
9 -1
4 9
4 -1
9 -1
2 9
4 2
2 -1
2 -1
2 -1
9 4
4 -1
9 -1
9 -1
9 6
6 -1
7 9
7 6
6 -1
7 -1
9 -1
9 6
7 9
6 7
6 -1
6 -1
7 -1
9 -1
9 -1
9 -1
10 -1
8 10
6 8
8 -1
10 6
6 -1
10 8
8 -1
6 8
10 -1
10 6
6 -1
6 -1
6 7
8 10
8 -1
9 6
6 -1
7 9
7 6
6 -1
7 -1
9 -1
9 6
7 9
6 7
6 -1
7 -1
6 7
9 -1
9 -1
9 4
2 9
4 2
2 -1
9 -1
4 9
4 -1
9 -1
2 9
4 2
2 -1
2 -1
9 4
4 -1
9 -1
9 -1
9 6
6 -1
7 9
7 6
6 -1
7 -1
9 -1
9 6
7 9
6 7
6 -1
6 -1
7 -1
9 -1
9 -1
9 -1
10 -1
8 10
6 8
8 -1
10 6
6 -1
10 8
8 -1
6 8
10 -1
10 6
6 -1
6 -1
6 7
8 10
8 -1
8 5
9 6
6 -1
7 9
7 6
6 -1
7 -1
9 -1
9 6
7 9
6 7
6 -1
2 6
7 -1
9 -1
9 -1
9 4
3 9
4 3
3 -1
9 -1
4 9
4 -1
9 -1
3 9
4 3
3 -1
3 -1
3 -1
9 4
4 -1
9 -1
9 -1
9 8
5 9
8 -1
5 8
5 -1
8 -1
9 -1
9 8
5 9
8 5
5 -1
8 -1
8 -1
8 2
2 -1
6 8
6 2
2 -1
6 -1
8 -1
8 2
6 8
2 6
2 -1
2 -1
6 -1
8 -1
8 -1
8 -1
9 -1
9 -1
9 -1
10 -1
7 10
2 7
7 -1
10 2
2 -1
10 7
7 -1
2 7
10 -1
10 2
2 -1
2 -1
2 6
7 10
7 -1
8 2
2 -1
6 8
6 2
2 -1
6 -1
8 -1
8 2
6 8
2 6
2 -1
6 -1
2 6
8 -1
8 -1
8 5
9 8
5 9
8 -1
5 8
5 -1
8 -1
9 -1
9 8
5 9
8 5
5 -1
8 -1
8 5
9 -1
9 -1
9 4
3 9
4 3
3 -1
9 -1
4 9
4 -1
9 -1
3 9
4 3
3 -1
3 -1
3 -1
9 4
4 -1
9 -1
9 -1
9 8
5 9
8 -1
5 8
5 -1
8 -1
9 -1
9 8
5 9
8 5
5 -1
8 -1
8 -1
8 2
2 -1
6 8
6 2
2 -1
6 -1
8 -1
8 2
6 8
2 6
2 -1
2 -1
6 -1
8 -1
8 -1
8 -1
9 -1
9 -1
9 -1
10 -1
7 10
2 7
7 -1
10 2
2 -1
10 7
7 -1
2 7
10 -1
10 2
2 -1
2 -1
2 6
7 10
7 -1
8 2
2 -1
6 8
6 2
2 -1
6 -1
8 -1
8 2
6 8
2 6
6 -1
6 -1
8 -1
8 -1
8 5
9 8
5 9
8 -1
5 8
5 -1
8 -1
9 -1
9 8
5 9
8 5
5 -1
5 6
8 -1
9 -1
9 2
2 -1
2 7
9 -1
9 4
3 9
4 3
3 -1
9 -1
4 9
4 -1
9 -1
3 9
4 3
3 -1
3 -1
3 -1
9 4
4 -1
9 -1
9 -1
9 5
5 -1
6 9
6 5
5 -1
6 -1
9 -1
9 5
6 9
5 6
5 -1
5 -1
5 2
2 -1
6 -1
7 5
5 -1
7 2
2 -1
5 2
7 -1
7 5
2 7
2 -1
2 -1
5 -1
5 -1
5 -1
7 -1
9 -1
9 -1
9 -1
10 -1
8 10
2 8
8 -1
10 2
2 -1
10 8
8 -1
2 8
10 -1
10 2
2 -1
2 -1
2 7
5 2
2 -1
7 5
5 -1
7 2
2 -1
5 2
7 -1
7 5
2 7
2 -1
5 -1
5 -1
5 6
7 -1
2 7
8 10
8 -1
9 5
5 -1
6 9
6 5
5 -1
6 -1
9 -1
9 5
6 9
5 6
5 -1
6 -1
5 6
9 -1
9 -1
9 4
3 9
4 3
3 -1
9 -1
4 9
4 -1
9 -1
3 9
4 3
3 -1
3 -1
3 -1
9 4
9 -1
9 -1
9 5
5 -1
6 9
6 5
5 -1
6 -1
9 -1
9 5
6 9
5 6
5 -1
5 -1
5 2
2 -1
6 -1
7 5
5 -1
7 2
2 -1
5 2
7 -1
7 5
2 7
2 -1
2 -1
5 -1
5 -1
5 -1
7 -1
9 -1
9 -1
9 -1
10 -1
8 10
2 8
8 -1
10 2
2 -1
10 8
8 -1
2 8
10 -1
10 2
2 -1
2 -1
2 7
5 2
2 -1
7 5
5 -1
7 2
2 -1
5 2
7 -1
7 5
2 7
5 -1
5 -1
5 6
7 -1
8 10
8 -1
9 5
5 -1
6 9
6 5
5 -1
6 -1
9 -1
9 5
6 9
5 6
5 -1
5 -1
5 8
6 2
2 -1
2 -1
2 5
5 -1
6 -1
6 7
8 2
2 -1
8 5
5 -1
2 5
8 -1
8 2
2 -1
5 8
5 -1
8 -1
5 8
1 5
5 -1
8 1
1 -1
8 5
5 -1
1 5
8 -1
8 1
1 -1
1 -1
1 -1
5 8
5 -1
8 -1
9 -1
9 -1
5 9
3 5
5 -1
9 3
3 -1
9 5
5 -1
3 5
9 -1
9 3
3 -1
3 -1
3 -1
5 9
5 -1
9 -1
8 9
10 -1
10 5
3 10
5 3
3 -1
10 -1
5 10
5 -1
10 -1
3 10
5 3
3 -1
3 -1
3 -1
10 5
5 -1
10 -1
10 -1
10 6
6 -1
7 10
7 6
6 -1
7 -1
10 -1
10 6
7 10
6 7
6 -1
6 -1
6 8
7 -1
8 -1
9 6
6 -1
9 8
8 -1
6 8
9 -1
9 6
6 -1
6 -1
6 7
8 9
8 -1
9 -1
8 9
10 -1
10 -1
10 -1
10 6
6 -1
7 10
7 6
6 -1
7 -1
10 -1
10 6
7 10
6 7
6 -1
7 -1
6 7
10 -1
10 -1
10 5
3 10
5 3
3 -1
10 -1
5 10
5 -1
10 -1
3 10
5 3
3 -1
3 -1
3 -1
10 5
5 -1
10 -1
10 -1
10 6
6 -1
7 10
7 6
6 -1
7 -1
10 -1
10 6
7 10
6 7
6 -1
6 -1
6 8
7 -1
8 -1
9 6
6 -1
9 8
8 -1
6 8
9 -1
9 6
6 -1
6 -1
6 7
8 9
8 -1
9 -1
10 -1
10 -1
10 -1
10 6
6 -1
7 10
7 6
6 -1
7 -1
10 -1
10 6
7 10
6 7
6 -1
7 -1
7 8
10 -1
10 -1
10 5
3 10
5 3
3 -1
10 -1
5 10
5 -1
10 -1
3 10
5 3
3 -1
3 -1
3 -1
10 5
5 -1
10 -1
10 -1
10 7
7 -1
8 10
8 7
7 -1
8 -1
10 -1
10 7
8 10
7 8
7 -1
8 -1
7 8
10 -1
10 -1
10 5
3 10
5 3
3 -1
10 -1
5 10
5 -1
10 -1
3 10
5 3
3 -1
3 -1
3 -1
10 5
5 -1
5 -1
10 -1
10 -1
10 7
7 -1
8 10
8 7
7 -1
8 -1
10 -1
10 7
8 10
7 8
7 -1
6 7
8 -1
8 -1
5 8
1 5
5 -1
8 1
1 -1
8 5
5 -1
1 5
8 -1
8 1
1 -1
5 8
5 -1
8 -1
8 9
10 -1
10 -1
10 5
3 10
5 3
3 -1
10 -1
5 10
5 -1
10 -1
3 10
5 3
3 -1
3 -1
3 -1
10 5
5 -1
10 -1
10 -1
10 6
6 -1
7 10
7 6
6 -1
7 -1
10 -1
10 6
7 10
6 7
6 -1
6 -1
6 8
7 -1
8 -1
9 6
6 -1
9 8
8 -1
6 8
9 -1
9 6
6 -1
6 -1
6 7
8 9
8 -1
9 -1
8 9
10 -1
10 -1
10 -1
10 6
6 -1
7 10
7 6
6 -1
7 -1
10 -1
10 6
7 10
6 7
6 -1
7 -1
6 7
10 -1
10 -1
10 5
3 10
5 3
3 -1
10 -1
5 10
5 -1
10 -1
3 10
5 3
3 -1
3 -1
3 -1
10 5
5 -1
10 -1
10 -1
10 6
6 -1
7 10
7 6
6 -1
7 -1
10 -1
10 6
7 10
6 7
6 -1
6 -1
6 8
7 -1
8 -1
9 6
6 -1
9 8
8 -1
6 8
9 -1
9 6
6 -1
6 -1
6 7
8 9
8 -1
9 -1
8 9
10 -1
10 -1
10 -1
10 6
6 -1
7 10
7 6
6 -1
7 -1
10 -1
10 6
7 10
6 7
6 -1
6 -1
7 -1
10 -1
10 -1
10 5
3 10
5 3
3 -1
10 -1
5 10
5 -1
10 -1
3 10
5 3
3 -1
3 -1
3 -1
10 5
5 -1
10 -1
10 -1
10 8
8 -1
9 10
9 8
8 -1
9 -1
10 -1
10 8
9 10
8 9
8 -1
9 -1
8 9
10 -1
10 -1
10 5
3 10
5 3
3 -1
10 -1
5 10
5 -1
10 -1
3 10
5 3
3 -1
3 -1
3 -1
10 5
5 -1
5 -1
10 -1
10 -1
10 8
8 -1
9 10
9 8
8 -1
9 -1
10 -1
10 8
9 10
8 9
8 -1
7 8
9 -1
9 6
10 -1
10 -1
10 5
3 10
5 3
3 -1
10 -1
5 10
5 -1
10 -1
3 10
5 3
3 -1
3 -1
3 -1
10 5
5 -1
10 -1
10 -1
10 9
6 10
9 -1
6 9
6 -1
9 -1
10 -1
10 9
6 10
9 6
6 -1
9 -1
9 -1
9 7
7 -1
8 9
8 7
7 -1
8 -1
9 -1
9 7
8 9
7 8
7 -1
8 -1
7 8
9 -1
9 -1
9 6
10 -1
10 -1
10 -1
10 9
6 10
9 -1
6 9
6 -1
9 -1
10 -1
10 9
6 10
9 6
6 -1
9 -1
9 6
10 -1
10 -1
10 5
3 10
5 3
3 -1
10 -1
5 10
5 -1
10 -1
3 10
5 3
3 -1
10 5
10 -1
10 -1
10 9
6 10
9 -1
6 9
6 -1
9 -1
10 -1
10 9
6 10
9 6
6 -1
9 -1
9 -1
9 7
7 -1
8 9
8 7
7 -1
8 -1
9 -1
9 7
8 9
7 8
9 -1
9 -1
9 6
10 -1
10 -1
10 -1
10 9
6 10
9 -1
6 9
6 -1
9 -1
10 -1
10 9
6 10
9 6
10 -1